-9.332180702427138597e-01 -5.621626620515897121e-01 -1.461903394655665878e+00 -3.494726335996149458e-01 6.952855966985463931e-01 5.513336447400247753e-01 -1.452392126767425129e+00 8.674925409500625628e-01 -1.770867309610231755e-01
-7.670559241631912384e-01 -9.032383236297171492e-02 -4.377611923589727061e-01 1.060993753033287801e+00 2.137323803457388927e+00 3.736073586426209570e-01 -7.118365995071345154e-01 7.840980786383475731e-01 -1.826928138484417818e+00
-2.561325979536960062e+00 1.542250031068239657e+00 -4.909109647337683291e-01 -1.144466481459257140e-01 1.234808934357244148e+00 -7.316976223317728234e-02 -1.029780136050720385e+00 1.254621846359962767e+00 -8.663706071498288031e-02
1.496260201410024360e+00 8.343822268723619096e-02 1.443416402695230749e+00 -1.216130601581874693e+00 3.920411488032436997e-01 -4.439313668966415327e-01 1.122451629436318266e+00 -1.267780241331373459e+00 1.030101868811564403e+00
1.466657311825755872e-01 -4.300308217774088670e-01 -1.374867128774771796e+00 1.151587033397085458e+00 1.704164148947823421e+00 -1.554385790367931230e+00 8.055001640262363649e-01 -3.619354515890855217e-01 -8.987784229600301877e-01
-9.803779835645179963e-01 2.084055626961808905e+00 7.142183037902194442e-01 7.367869962128144046e-01 3.215800572119100198e-01 -1.245757972885488396e+00 1.432191975711297305e+00 -9.086151920142624405e-01 -3.394997677414357540e-01
-9.417876833042351237e-01 1.301530812086751032e+00 -3.625413288236793985e-01 -2.356247488742450269e+00 -2.682289354404397308e+00 -3.532498168766621816e-01 1.687851438665001425e+00 -9.478308549664844485e-01 -1.911341666133689332e-01
9.619451164461094717e-01 1.518609662268372018e-01 -8.479227249004065436e-01 -8.903022267278601909e-01 -1.010882647684625997e-02 -5.235236821594760892e-01 1.366106362678359276e-01 9.431888009158395647e-01 -6.067739120265459585e-01
2.117831684148583804e+00 -3.592558551734755801e-01 4.820352107316809853e-01 4.983156631480120669e-01 1.085478080904557358e-01 1.677016328451888860e+00 -3.163605769249574484e-01 1.233571620882984332e+00 -1.396823732100168636e-01
-4.248147679710916058e-02 9.250769356677619563e-04 -7.471607760491286720e-01 6.358455759559470399e-01 -1.511825210693042154e-01 -1.596293585411859395e+00 -8.603437060963321503e-01 -7.310667123838524573e-01 -4.419463635772110099e-01
