-0.9332 -0.5622 -1.4619 -0.3495 0.6953 0.5513 -1.4524 0.8675 -0.1771
-0.7671 -0.0903 -0.4378 1.0610 2.1373 0.3736 -0.7118 0.7841 -1.8269
-2.5613 1.5423 -0.4909 -0.1144 1.2348 -0.0732 -1.0298 1.2546 -0.0866
1.4963 0.0834 1.4434 -1.2161 0.3920 -0.4439 1.1225 -1.2678 1.0301
0.1467 -0.4300 -1.3749 1.1516 1.7042 -1.5544 0.8055 -0.3619 -0.8988
-0.9804 2.0841 0.7142 0.7368 0.3216 -1.2458 1.4322 -0.9086 -0.3395
-0.9418 1.3015 -0.3625 -2.3562 -2.6823 -0.3532 1.6879 -0.9478 -0.1911
0.9619 0.1519 -0.8479 -0.8903 -0.0101 -0.5235 0.1366 0.9432 -0.6068
2.1178 -0.3593 0.4820 0.4983 0.1085 1.6770 -0.3164 1.2336 -0.1397
-0.0425 0.0009 -0.7472 0.6358 -0.1512 -1.5963 -0.8603 -0.7311 -0.4419
