-9.3322e-01 -5.6216e-01 -1.4619e+00 -3.4947e-01 6.9529e-01 5.5133e-01 -1.4524e+00 8.6749e-01 -1.7709e-01
-7.6706e-01 -9.0324e-02 -4.3776e-01 1.0610e+00 2.1373e+00 3.7361e-01 -7.1184e-01 7.8410e-01 -1.8269e+00
-2.5613e+00 1.5423e+00 -4.9091e-01 -1.1445e-01 1.2348e+00 -7.3170e-02 -1.0298e+00 1.2546e+00 -8.6637e-02
1.4963e+00 8.3438e-02 1.4434e+00 -1.2161e+00 3.9204e-01 -4.4393e-01 1.1225e+00 -1.2678e+00 1.0301e+00
1.4667e-01 -4.3003e-01 -1.3749e+00 1.1516e+00 1.7042e+00 -1.5544e+00 8.0550e-01 -3.6194e-01 -8.9878e-01
-9.8038e-01 2.0841e+00 7.1422e-01 7.3679e-01 3.2158e-01 -1.2458e+00 1.4322e+00 -9.0862e-01 -3.3950e-01
-9.4179e-01 1.3015e+00 -3.6254e-01 -2.3562e+00 -2.6823e+00 -3.5325e-01 1.6879e+00 -9.4783e-01 -1.9113e-01
9.6195e-01 1.5186e-01 -8.4792e-01 -8.9030e-01 -1.0109e-02 -5.2352e-01 1.3661e-01 9.4319e-01 -6.0677e-01
2.1178e+00 -3.5926e-01 4.8204e-01 4.9832e-01 1.0855e-01 1.6770e+00 -3.1636e-01 1.2336e+00 -1.3968e-01
-4.2481e-02 9.2508e-04 -7.4716e-01 6.3585e-01 -1.5118e-01 -1.5963e+00 -8.6034e-01 -7.3107e-01 -4.4195e-01
