-7.9900e-02 4.6595e-02 -1.2824e-01 -7.9900e-02 4.6595e-02 -1.2824e-01 0.0000e+00 0.0000e+00 0.0000e+00
5.5422e-01 -1.5628e-01 4.1038e-01 5.5422e-01 -1.5628e-01 4.1038e-01 0.0000e+00 0.0000e+00 0.0000e+00
-2.8294e-01 5.7992e-01 -2.8920e-01 -2.8294e-01 5.7992e-01 -2.8920e-01 0.0000e+00 0.0000e+00 0.0000e+00
1.1669e-02 6.5693e-01 -2.6135e-01 1.1669e-02 6.5693e-01 -2.6135e-01 0.0000e+00 0.0000e+00 0.0000e+00
-5.0727e-01 -4.3753e-01 2.2638e-01 -5.0727e-01 -4.3753e-01 2.2638e-01 0.0000e+00 0.0000e+00 0.0000e+00
-4.4169e-01 -3.2267e-01 -4.4810e-01 -4.4169e-01 -3.2267e-01 -4.4810e-01 0.0000e+00 0.0000e+00 0.0000e+00
6.7097e-01 2.0020e-01 -9.8558e-02 6.7097e-01 2.0020e-01 -9.8558e-02 0.0000e+00 0.0000e+00 0.0000e+00
6.7434e-01 1.1563e-02 -2.1245e-01 6.7434e-01 1.1563e-02 -2.1245e-01 0.0000e+00 0.0000e+00 0.0000e+00
-1.5920e-01 6.7613e-01 -1.3228e-01 -1.5920e-01 6.7613e-01 -1.3228e-01 0.0000e+00 0.0000e+00 0.0000e+00
-2.0075e-01 -3.8080e-01 5.6098e-01 -2.0075e-01 -3.8080e-01 5.6098e-01 0.0000e+00 0.0000e+00 0.0000e+00
5.1906e-02 5.1014e-01 -4.8689e-01 5.1906e-02 5.1014e-01 -4.8689e-01 0.0000e+00 0.0000e+00 0.0000e+00
3.6452e-01 -4.2584e-01 4.3103e-01 3.6452e-01 -4.2584e-01 4.3103e-01 0.0000e+00 0.0000e+00 0.0000e+00
-6.5994e-01 4.6299e-02 -2.4967e-01 -6.5994e-01 4.6299e-02 -2.4967e-01 0.0000e+00 0.0000e+00 0.0000e+00
-6.1311e-01 2.8596e-01 2.0571e-01 -6.1311e-01 2.8596e-01 2.0571e-01 0.0000e+00 0.0000e+00 0.0000e+00
-2.5159e-01 -6.4182e-01 -1.5738e-01 -2.5159e-01 -6.4182e-01 -1.5738e-01 0.0000e+00 0.0000e+00 0.0000e+00
-4.6040e-01 3.9464e-01 3.6371e-01 -4.6040e-01 3.9464e-01 3.6371e-01 0.0000e+00 0.0000e+00 0.0000e+00
5.7589e-01 -4.0951e-01 -2.5485e-02 5.7589e-01 -4.0951e-01 -2.5485e-02 0.0000e+00 0.0000e+00 0.0000e+00
-4.9737e-01 -6.0805e-02 -4.9893e-01 -4.9737e-01 -6.0805e-02 -4.9893e-01 0.0000e+00 0.0000e+00 0.0000e+00
-6.0211e-01 -2.2504e-01 2.9465e-01 -6.0211e-01 -2.2504e-01 2.9465e-01 0.0000e+00 0.0000e+00 0.0000e+00
-1.7543e-01 1.0128e-01 6.7747e-01 -1.7543e-01 1.0128e-01 6.7747e-01 0.0000e+00 0.0000e+00 0.0000e+00
5.9579e-01 1.6872e-01 3.4141e-01 5.9579e-01 1.6872e-01 3.4141e-01 0.0000e+00 0.0000e+00 0.0000e+00
-1.0831e-01 1.0882e-01 -3.7780e-02 -1.0831e-01 1.0882e-01 -3.7780e-02 0.0000e+00 0.0000e+00 0.0000e+00
2.2859e-01 4.1190e-01 5.2734e-01 2.2859e-01 4.1190e-01 5.2734e-01 0.0000e+00 0.0000e+00 0.0000e+00
2.3775e-01 -5.8939e-01 -3.1000e-01 2.3775e-01 -5.8939e-01 -3.1000e-01 0.0000e+00 0.0000e+00 0.0000e+00
9.7076e-04 -7.0542e-01 -4.8827e-02 9.7076e-04 -7.0542e-01 -4.8827e-02 0.0000e+00 0.0000e+00 0.0000e+00
-1.4453e-01 5.0271e-02 -6.9035e-01 -1.4453e-01 5.0271e-02 -6.9035e-01 0.0000e+00 0.0000e+00 0.0000e+00
2.9664e-02 6.4407e-01 2.9033e-01 2.9664e-02 6.4407e-01 2.9033e-01 0.0000e+00 0.0000e+00 0.0000e+00
6.9746e-01 8.4305e-02 8.0239e-02 6.9746e-01 8.4305e-02 8.0239e-02 0.0000e+00 0.0000e+00 0.0000e+00
-2.6356e-01 -2.0336e-01 -6.2385e-01 -2.6356e-01 -2.0336e-01 -6.2385e-01 0.0000e+00 0.0000e+00 0.0000e+00
3.7212e-01 -3.4612e-02 -6.0027e-01 3.7212e-01 -3.4612e-02 -6.0027e-01 0.0000e+00 0.0000e+00 0.0000e+00
-4.5565e-02 -1.7079e-01 -6.8466e-01 -4.5565e-02 -1.7079e-01 -6.8466e-01 0.0000e+00 0.0000e+00 0.0000e+00
-1.7587e-01 -6.8128e-01 7.0154e-02 -1.7587e-01 -6.8128e-01 7.0154e-02 0.0000e+00 0.0000e+00 0.0000e+00
8.5768e-02 1.0518e-01 -6.9396e-01 8.5768e-02 1.0518e-01 -6.9396e-01 0.0000e+00 0.0000e+00 0.0000e+00
-2.9161e-01 -1.8094e-01 6.1824e-01 -2.9161e-01 -1.8094e-01 6.1824e-01 0.0000e+00 0.0000e+00 0.0000e+00
-6.9500e-01 1.2187e-01 4.6126e-02 -6.9500e-01 1.2187e-01 4.6126e-02 0.0000e+00 0.0000e+00 0.0000e+00
-3.4987e-01 6.1448e-01 -3.2042e-04 -3.4987e-01 6.1448e-01 -3.2042e-04 0.0000e+00 0.0000e+00 0.0000e+00
4.6817e-01 -5.0765e-01 1.5202e-01 4.6817e-01 -5.0765e-01 1.5202e-01 0.0000e+00 0.0000e+00 0.0000e+00
6.0339e-03 3.7626e-01 5.9866e-01 6.0339e-03 3.7626e-01 5.9866e-01 0.0000e+00 0.0000e+00 0.0000e+00
3.8341e-01 -2.4119e-01 5.4297e-01 3.8341e-01 -2.4119e-01 5.4297e-01 0.0000e+00 0.0000e+00 0.0000e+00
-2.0143e-01 -5.8831e-01 3.3663e-01 -2.0143e-01 -5.8831e-01 3.3663e-01 0.0000e+00 0.0000e+00 0.0000e+00
5.8613e-01 3.9481e-01 -2.4114e-02 5.8613e-01 3.9481e-01 -2.4114e-02 0.0000e+00 0.0000e+00 0.0000e+00
1.4710e-01 -4.8380e-01 4.9426e-01 1.4710e-01 -4.8380e-01 4.9426e-01 0.0000e+00 0.0000e+00 0.0000e+00
1.1115e-01 -3.9619e-02 -1.0524e-01 1.1115e-01 -3.9619e-02 -1.0524e-01 0.0000e+00 0.0000e+00 0.0000e+00
4.3056e-01 -2.3180e-01 -5.1077e-01 4.3056e-01 -2.3180e-01 -5.1077e-01 0.0000e+00 0.0000e+00 0.0000e+00
1.8899e-01 -6.6748e-01 -1.3695e-01 1.8899e-01 -6.6748e-01 -1.3695e-01 0.0000e+00 0.0000e+00 0.0000e+00
2.5926e-01 5.4796e-01 3.6404e-01 2.5926e-01 5.4796e-01 3.6404e-01 0.0000e+00 0.0000e+00 0.0000e+00
-6.1547e-01 -3.0092e-01 -1.7505e-01 -6.1547e-01 -3.0092e-01 -1.7505e-01 0.0000e+00 0.0000e+00 0.0000e+00
3.5786e-01 5.9141e-01 -1.4892e-01 3.5786e-01 5.9141e-01 -1.4892e-01 0.0000e+00 0.0000e+00 0.0000e+00
4.6607e-01 4.5806e-01 2.7012e-01 4.6607e-01 4.5806e-01 2.7012e-01 0.0000e+00 0.0000e+00 0.0000e+00
-4.4001e-01 -5.5005e-01 -6.1959e-02 -4.4001e-01 -5.5005e-01 -6.1959e-02 0.0000e+00 0.0000e+00 0.0000e+00
-2.1794e-01 3.0494e-01 5.9959e-01 -2.1794e-01 3.0494e-01 5.9959e-01 0.0000e+00 0.0000e+00 0.0000e+00
-6.5006e-01 2.4753e-01 -1.2709e-01 -6.5006e-01 2.4753e-01 -1.2709e-01 0.0000e+00 0.0000e+00 0.0000e+00
5.3099e-01 5.2385e-02 -4.6401e-01 5.3099e-01 5.2385e-02 -4.6401e-01 0.0000e+00 0.0000e+00 0.0000e+00
-2.5033e-01 4.6742e-01 4.6781e-01 -2.5033e-01 4.6742e-01 4.6781e-01 0.0000e+00 0.0000e+00 0.0000e+00
4.4192e-01 -5.2006e-01 -1.8504e-01 4.4192e-01 -5.2006e-01 -1.8504e-01 0.0000e+00 0.0000e+00 0.0000e+00
-5.8988e-01 1.3278e-01 3.6662e-01 -5.8988e-01 1.3278e-01 3.6662e-01 0.0000e+00 0.0000e+00 0.0000e+00
3.6366e-01 -3.3535e-02 6.0550e-01 3.6366e-01 -3.3535e-02 6.0550e-01 0.0000e+00 0.0000e+00 0.0000e+00
-3.5793e-01 -4.5387e-01 4.0729e-01 -3.5793e-01 -4.5387e-01 4.0729e-01 0.0000e+00 0.0000e+00 0.0000e+00
-1.8350e-01 2.7439e-01 -6.2533e-01 -1.8350e-01 2.7439e-01 -6.2533e-01 0.0000e+00 0.0000e+00 0.0000e+00
-5.3832e-01 3.5089e-01 -2.9510e-01 -5.3832e-01 3.5089e-01 -2.9510e-01 0.0000e+00 0.0000e+00 0.0000e+00
1.0162e-02 -5.3435e-01 -4.6299e-01 1.0162e-02 -5.3435e-01 -4.6299e-01 0.0000e+00 0.0000e+00 0.0000e+00
4.4830e-01 2.6741e-01 -4.7699e-01 4.4830e-01 2.6741e-01 -4.7699e-01 0.0000e+00 0.0000e+00 0.0000e+00
1.5966e-02 3.0502e-01 -6.3774e-01 1.5966e-02 3.0502e-01 -6.3774e-01 0.0000e+00 0.0000e+00 0.0000e+00
1.0438e-01 7.0048e-02 -9.5911e-02 1.0438e-01 7.0048e-02 -9.5911e-02 0.0000e+00 0.0000e+00 0.0000e+00
1.9200e-01 6.8054e-01 -1.3738e-04 -3.9494e-01 1.1154e-01 5.7583e-01 0.0000e+00 0.0000e+00 0.0000e+00
-4.0153e-01 9.0803e-02 5.7492e-01 5.0864e-01 3.9427e-01 2.9297e-01 0.0000e+00 0.0000e+00 0.0000e+00
-2.3220e-01 -2.4333e-01 -6.2199e-01 -6.6779e-01 9.6088e-02 2.1171e-01 0.0000e+00 0.0000e+00 0.0000e+00
-1.1136e-01 -2.1468e-01 -6.6446e-01 4.7987e-01 -5.1233e-01 8.5105e-02 0.0000e+00 0.0000e+00 0.0000e+00
-5.2072e-01 4.3433e-01 2.0052e-01 -1.8373e-01 -4.5524e-01 5.0892e-01 0.0000e+00 0.0000e+00 0.0000e+00
1.8429e-01 -6.7326e-01 -1.1296e-01 1.2582e-01 -8.1501e-02 6.9103e-01 0.0000e+00 0.0000e+00 0.0000e+00
6.7947e-02 -6.8079e-01 1.7862e-01 2.0162e-01 1.9076e-01 6.5035e-01 0.0000e+00 0.0000e+00 0.0000e+00
-5.2503e-01 -2.0697e-01 -4.2604e-01 4.4610e-01 -2.2988e-03 -5.4863e-01 0.0000e+00 0.0000e+00 0.0000e+00
-4.0947e-02 5.9079e-01 3.8638e-01 6.7678e-01 -7.7208e-02 1.8977e-01 0.0000e+00 0.0000e+00 0.0000e+00
-6.8031e-01 1.6479e-01 1.0013e-01 1.8571e-01 4.6109e-01 5.0290e-01 0.0000e+00 0.0000e+00 0.0000e+00
-6.0489e-01 -2.2650e-01 2.8777e-01 3.5238e-02 5.1707e-01 4.8104e-01 0.0000e+00 0.0000e+00 0.0000e+00
2.4939e-01 -1.2653e-02 -6.6155e-01 4.7783e-02 7.0548e-01 4.5200e-03 0.0000e+00 0.0000e+00 0.0000e+00
1.3285e-01 -1.9473e-01 6.6666e-01 -3.2625e-01 -6.1669e-01 -1.1512e-01 0.0000e+00 0.0000e+00 0.0000e+00
-6.6042e-01 2.5018e-01 3.5481e-02 2.3477e-02 1.5961e-01 -6.8846e-01 0.0000e+00 0.0000e+00 0.0000e+00
-2.2568e-01 -5.7714e-01 3.4055e-01 -4.8693e-01 -1.0565e-01 -5.0174e-01 0.0000e+00 0.0000e+00 0.0000e+00
-3.4890e-01 -4.6564e-01 -4.0181e-01 2.1592e-01 3.3982e-01 -5.8129e-01 0.0000e+00 0.0000e+00 0.0000e+00
5.0153e-01 -1.3969e-02 -4.9827e-01 -3.2990e-02 7.0435e-01 -5.2954e-02 0.0000e+00 0.0000e+00 0.0000e+00
-1.6475e-01 6.6582e-01 1.7188e-01 -3.3214e-01 7.7708e-02 -6.1939e-01 0.0000e+00 0.0000e+00 0.0000e+00
5.4610e-01 4.4285e-01 7.5210e-02 -4.1352e-01 5.4187e-01 -1.8809e-01 0.0000e+00 0.0000e+00 0.0000e+00
-3.6925e-01 4.1105e-01 4.4124e-01 -9.3188e-02 -5.5006e-01 4.3445e-01 0.0000e+00 0.0000e+00 0.0000e+00
-1.1112e-01 -1.1230e-01 -6.4481e-03 -1.1112e-01 -1.1230e-01 -6.4481e-03 0.0000e+00 0.0000e+00 0.0000e+00
5.2505e-01 -4.5587e-01 1.2847e-01 4.1481e-01 3.5004e-01 -4.5322e-01 0.0000e+00 0.0000e+00 0.0000e+00
-7.7518e-03 -3.3159e-01 6.2449e-01 -6.6589e-01 -2.0657e-01 -1.1795e-01 0.0000e+00 0.0000e+00 0.0000e+00
2.1918e-03 4.8830e-02 -7.0542e-01 7.0710e-01 8.1708e-04 2.2536e-03 0.0000e+00 0.0000e+00 0.0000e+00
6.8778e-01 -6.8940e-02 -1.4901e-01 -7.7900e-02 -7.0194e-01 -3.4806e-02 0.0000e+00 0.0000e+00 0.0000e+00
-5.6428e-01 -1.5325e-01 3.9762e-01 -4.2509e-01 2.4837e-01 -5.0755e-01 0.0000e+00 0.0000e+00 0.0000e+00
2.9272e-02 3.4476e-01 -6.1667e-01 1.1264e-01 -6.1158e-01 -3.3656e-01 0.0000e+00 0.0000e+00 0.0000e+00
3.3024e-01 5.3982e-01 -3.1549e-01 -5.6699e-01 4.0895e-01 1.0623e-01 0.0000e+00 0.0000e+00 0.0000e+00
4.7878e-01 -4.0998e-01 3.2045e-01 3.6373e-01 5.7508e-01 1.9232e-01 0.0000e+00 0.0000e+00 0.0000e+00
2.8403e-02 -6.8597e-01 1.6922e-01 -7.0507e-01 -1.6596e-02 5.1063e-02 0.0000e+00 0.0000e+00 0.0000e+00
6.8489e-01 -1.7490e-01 1.8440e-02 4.1394e-04 -7.2535e-02 -7.0338e-01 0.0000e+00 0.0000e+00 0.0000e+00
-5.2096e-01 4.7805e-01 8.0717e-03 4.7037e-01 5.1029e-01 1.3548e-01 0.0000e+00 0.0000e+00 0.0000e+00
3.4811e-01 5.2675e-01 3.1836e-01 -5.4201e-01 4.3566e-01 -1.2815e-01 0.0000e+00 0.0000e+00 0.0000e+00
6.0786e-02 8.1812e-02 6.9972e-01 -1.1526e-01 -6.9170e-01 9.0887e-02 0.0000e+00 0.0000e+00 0.0000e+00
-4.6321e-01 -2.6398e-01 -4.6449e-01 4.0377e-01 2.2961e-01 -5.3315e-01 0.0000e+00 0.0000e+00 0.0000e+00
1.4212e-01 3.1570e-01 6.1655e-01 -5.1051e-01 -3.7766e-01 3.1105e-01 0.0000e+00 0.0000e+00 0.0000e+00
-6.8691e-01 1.4508e-01 -8.4261e-02 -1.6767e-01 -5.8084e-01 3.6676e-01 0.0000e+00 0.0000e+00 0.0000e+00
-5.8748e-01 -2.5037e-01 3.0362e-01 -8.8686e-02 6.1575e-01 3.3614e-01 0.0000e+00 0.0000e+00 0.0000e+00
-5.3970e-01 3.5167e-01 2.9165e-01 4.1006e-01 1.7385e-01 5.4920e-01 0.0000e+00 0.0000e+00 0.0000e+00
9.5901e-02 -1.8367e-01 -6.7607e-01 3.8374e-01 -5.5713e-01 2.0579e-01 0.0000e+00 0.0000e+00 0.0000e+00
6.6091e-01 2.4728e-01 4.5346e-02 2.0387e-01 -4.5254e-01 -5.0363e-01 0.0000e+00 0.0000e+00 0.0000e+00
-1.5731e-02 7.0631e-03 1.5717e-01 -1.5731e-02 7.0631e-03 1.5717e-01 0.0000e+00 0.0000e+00 0.0000e+00
-3.0709e-01 -6.3624e-01 2.9885e-02 4.6938e-01 -2.0362e-01 4.8808e-01 0.0000e+00 0.0000e+00 0.0000e+00
6.3129e-02 1.5866e-01 -6.8618e-01 6.7845e-01 1.7117e-01 1.0200e-01 0.0000e+00 0.0000e+00 0.0000e+00
8.6135e-02 3.5965e-01 -6.0269e-01 6.5220e-01 -2.6532e-01 -6.5116e-02 0.0000e+00 0.0000e+00 0.0000e+00
2.3145e-01 -6.1929e-01 2.5082e-01 2.6005e-01 -1.6102e-01 -6.3753e-01 0.0000e+00 0.0000e+00 0.0000e+00
-4.6945e-01 1.5690e-01 -5.0498e-01 -3.8931e-01 3.5443e-01 4.7204e-01 0.0000e+00 0.0000e+00 0.0000e+00
-1.9313e-01 4.8046e-01 -4.8152e-01 4.9546e-01 -2.4360e-01 -4.4179e-01 0.0000e+00 0.0000e+00 0.0000e+00
5.4898e-01 -4.4378e-01 4.1062e-02 -7.0827e-02 -2.2552e-02 7.0319e-01 0.0000e+00 0.0000e+00 0.0000e+00
-3.7813e-01 4.6574e-01 -3.7431e-01 -5.5634e-01 -4.3601e-01 1.9520e-02 0.0000e+00 0.0000e+00 0.0000e+00
6.1539e-02 -1.8709e-01 -6.7913e-01 2.7136e-01 6.3540e-01 -1.5045e-01 0.0000e+00 0.0000e+00 0.0000e+00
3.1913e-01 4.7223e-01 4.1852e-01 -3.4088e-01 5.2370e-01 -3.3097e-01 0.0000e+00 0.0000e+00 0.0000e+00
-4.8620e-01 2.0897e-01 -4.6897e-01 -4.4826e-01 -4.8770e-01 2.4742e-01 0.0000e+00 0.0000e+00 0.0000e+00
-2.6792e-02 -2.5697e-01 6.5822e-01 -5.5135e-01 -4.0436e-01 -1.8030e-01 0.0000e+00 0.0000e+00 0.0000e+00
-3.5746e-01 8.1449e-02 -6.0464e-01 -1.5577e-01 -6.8973e-01 -8.2071e-04 0.0000e+00 0.0000e+00 0.0000e+00
-6.0369e-01 -8.6954e-02 3.5776e-01 -5.7492e-02 7.0094e-01 7.3350e-02 0.0000e+00 0.0000e+00 0.0000e+00
4.3478e-01 -5.2108e-01 -1.9859e-01 -4.2761e-01 -1.4991e-01 -5.4284e-01 0.0000e+00 0.0000e+00 0.0000e+00
6.5449e-01 -1.1410e-01 -2.4213e-01 -1.9486e-01 -6.4163e-01 -2.2436e-01 0.0000e+00 0.0000e+00 0.0000e+00
4.1446e-01 1.7780e-01 -5.4462e-01 1.9606e-01 5.8759e-01 3.4103e-01 0.0000e+00 0.0000e+00 0.0000e+00
-9.3439e-03 -4.6310e-01 5.3427e-01 -7.0697e-01 -1.5604e-03 -1.3717e-02 0.0000e+00 0.0000e+00 0.0000e+00
3.0249e-01 3.9256e-01 5.0438e-01 -4.5554e-01 5.2383e-01 -1.3448e-01 0.0000e+00 0.0000e+00 0.0000e+00
-6.8510e-01 -1.5060e-01 -8.9185e-02 -1.7430e-01 6.1990e-01 2.9213e-01 0.0000e+00 0.0000e+00 0.0000e+00
1.0603e-02 1.5766e-01 -5.6515e-03 1.0603e-02 1.5766e-01 -5.6515e-03 0.0000e+00 0.0000e+00 0.0000e+00
4.7019e-01 4.6866e-01 -7.4785e-01 4.7019e-01 4.6866e-01 -7.4785e-01 0.0000e+00 0.0000e+00 0.0000e+00
-6.5897e-01 1.4384e-01 -7.3828e-01 -6.5897e-01 1.4384e-01 -7.3828e-01 0.0000e+00 0.0000e+00 0.0000e+00
-6.9689e-01 1.3287e-01 7.0476e-01 -6.9689e-01 1.3287e-01 7.0476e-01 0.0000e+00 0.0000e+00 0.0000e+00
-7.7227e-01 -4.6217e-01 -4.3588e-01 -7.7227e-01 -4.6217e-01 -4.3588e-01 0.0000e+00 0.0000e+00 0.0000e+00
-8.1245e-01 5.4836e-01 -1.9806e-01 -8.1245e-01 5.4836e-01 -1.9806e-01 0.0000e+00 0.0000e+00 0.0000e+00
8.4463e-01 1.9446e-03 5.3535e-01 8.4463e-01 1.9446e-03 5.3535e-01 0.0000e+00 0.0000e+00 0.0000e+00
9.3309e-01 -2.0472e-01 -2.9569e-01 9.3309e-01 -2.0472e-01 -2.9569e-01 0.0000e+00 0.0000e+00 0.0000e+00
8.7287e-01 -2.9387e-01 3.8952e-01 8.7287e-01 -2.9387e-01 3.8952e-01 0.0000e+00 0.0000e+00 0.0000e+00
-3.7591e-01 5.0773e-01 -7.7518e-01 -3.7591e-01 5.0773e-01 -7.7518e-01 0.0000e+00 0.0000e+00 0.0000e+00
4.2804e-01 -2.4589e-01 -8.6966e-01 4.2804e-01 -2.4589e-01 -8.6966e-01 0.0000e+00 0.0000e+00 0.0000e+00
9.9078e-01 7.7445e-02 -1.1116e-01 9.9078e-01 7.7445e-02 -1.1116e-01 0.0000e+00 0.0000e+00 0.0000e+00
-2.6879e-01 9.6320e-01 -4.0033e-04 -2.6879e-01 9.6320e-01 -4.0033e-04 0.0000e+00 0.0000e+00 0.0000e+00
7.6948e-01 2.7197e-01 -5.7787e-01 7.6948e-01 2.7197e-01 -5.7787e-01 0.0000e+00 0.0000e+00 0.0000e+00
-1.5999e-01 8.2974e-01 5.3473e-01 -1.5999e-01 8.2974e-01 5.3473e-01 0.0000e+00 0.0000e+00 0.0000e+00
1.7436e-01 7.1386e-01 6.7824e-01 1.7436e-01 7.1386e-01 6.7824e-01 0.0000e+00 0.0000e+00 0.0000e+00
8.8193e-01 4.4770e-02 -4.6924e-01 8.8193e-01 4.4770e-02 -4.6924e-01 0.0000e+00 0.0000e+00 0.0000e+00
7.0549e-01 2.6693e-01 6.5652e-01 7.0549e-01 2.6693e-01 6.5652e-01 0.0000e+00 0.0000e+00 0.0000e+00
-8.4625e-02 2.5970e-01 -9.6197e-01 -8.4625e-02 2.5970e-01 -9.6197e-01 0.0000e+00 0.0000e+00 0.0000e+00
2.0238e-01 -9.0264e-01 3.7984e-01 2.0238e-01 -9.0264e-01 3.7984e-01 0.0000e+00 0.0000e+00 0.0000e+00
6.8227e-01 5.3779e-01 -4.9526e-01 6.8227e-01 5.3779e-01 -4.9526e-01 0.0000e+00 0.0000e+00 0.0000e+00
6.7081e-02 -1.2690e-01 -6.6312e-02 6.7081e-02 -1.2690e-01 -6.6312e-02 0.0000e+00 0.0000e+00 0.0000e+00
9.2028e-01 -3.8799e-01 -5.0427e-02 9.2028e-01 -3.8799e-01 -5.0427e-02 0.0000e+00 0.0000e+00 0.0000e+00
6.6730e-01 -4.2772e-01 6.0972e-01 6.6730e-01 -4.2772e-01 6.0972e-01 0.0000e+00 0.0000e+00 0.0000e+00
-5.2413e-01 -7.9874e-01 -2.9547e-01 -5.2413e-01 -7.9874e-01 -2.9547e-01 0.0000e+00 0.0000e+00 0.0000e+00
-8.6426e-01 -4.3801e-01 2.4738e-01 -8.6426e-01 -4.3801e-01 2.4738e-01 0.0000e+00 0.0000e+00 0.0000e+00
-1.2342e-02 -9.8906e-01 1.4699e-01 -1.2342e-02 -9.8906e-01 1.4699e-01 0.0000e+00 0.0000e+00 0.0000e+00
-1.1608e-01 3.5580e-01 9.2733e-01 -1.1608e-01 3.5580e-01 9.2733e-01 0.0000e+00 0.0000e+00 0.0000e+00
-4.9243e-01 -1.4030e-01 -8.5897e-01 -4.9243e-01 -1.4030e-01 -8.5897e-01 0.0000e+00 0.0000e+00 0.0000e+00
4.6296e-02 -5.8783e-01 8.0766e-01 4.6296e-02 -5.8783e-01 8.0766e-01 0.0000e+00 0.0000e+00 0.0000e+00
-2.3358e-01 -1.2248e-01 -9.6459e-01 -2.3358e-01 -1.2248e-01 -9.6459e-01 0.0000e+00 0.0000e+00 0.0000e+00
-4.9260e-01 5.0201e-01 7.1087e-01 -4.9260e-01 5.0201e-01 7.1087e-01 0.0000e+00 0.0000e+00 0.0000e+00
7.6492e-01 6.2191e-01 1.6771e-01 7.6492e-01 6.2191e-01 1.6771e-01 0.0000e+00 0.0000e+00 0.0000e+00
-5.8679e-01 -1.5774e-01 7.9422e-01 -5.8679e-01 -1.5774e-01 7.9422e-01 0.0000e+00 0.0000e+00 0.0000e+00
-6.1092e-01 6.7032e-01 -4.2125e-01 -6.1092e-01 6.7032e-01 -4.2125e-01 0.0000e+00 0.0000e+00 0.0000e+00
-9.3103e-01 -3.6119e-01 -5.2304e-02 -9.3103e-01 -3.6119e-01 -5.2304e-02 0.0000e+00 0.0000e+00 0.0000e+00
2.5827e-01 9.1771e-01 -3.0183e-01 2.5827e-01 9.1771e-01 -3.0183e-01 0.0000e+00 0.0000e+00 0.0000e+00
8.9377e-02 -9.5786e-01 -2.7298e-01 8.9377e-02 -9.5786e-01 -2.7298e-01 0.0000e+00 0.0000e+00 0.0000e+00
5.1379e-01 6.4677e-01 5.6366e-01 5.1379e-01 6.4677e-01 5.6366e-01 0.0000e+00 0.0000e+00 0.0000e+00
-6.9487e-01 -7.0676e-01 1.3288e-01 -6.9487e-01 -7.0676e-01 1.3288e-01 0.0000e+00 0.0000e+00 0.0000e+00
-6.7300e-01 7.3924e-01 2.4528e-02 -6.7300e-01 7.3924e-01 2.4528e-02 0.0000e+00 0.0000e+00 0.0000e+00
1.7369e-01 -6.2034e-01 -7.6486e-01 1.7369e-01 -6.2034e-01 -7.6486e-01 0.0000e+00 0.0000e+00 0.0000e+00
-1.2397e-01 -4.0683e-02 -8.9310e-02 -1.2397e-01 -4.0683e-02 -8.9310e-02 0.0000e+00 0.0000e+00 0.0000e+00
-5.0335e-01 -7.6520e-01 4.0138e-01 -5.0335e-01 -7.6520e-01 4.0138e-01 0.0000e+00 0.0000e+00 0.0000e+00
1.8395e-01 4.4450e-01 8.7669e-01 1.8395e-01 4.4450e-01 8.7669e-01 0.0000e+00 0.0000e+00 0.0000e+00
-4.6913e-01 -4.3699e-01 -7.6744e-01 -4.6913e-01 -4.3699e-01 -7.6744e-01 0.0000e+00 0.0000e+00 0.0000e+00
7.5929e-01 -3.8244e-01 -5.2652e-01 7.5929e-01 -3.8244e-01 -5.2652e-01 0.0000e+00 0.0000e+00 0.0000e+00
-4.8110e-02 4.3728e-02 9.9788e-01 -4.8110e-02 4.3728e-02 9.9788e-01 0.0000e+00 0.0000e+00 0.0000e+00
-7.6079e-01 5.8188e-01 2.8741e-01 -7.6079e-01 5.8188e-01 2.8741e-01 0.0000e+00 0.0000e+00 0.0000e+00
-2.1727e-01 -3.6323e-01 9.0601e-01 -2.1727e-01 -3.6323e-01 9.0601e-01 0.0000e+00 0.0000e+00 0.0000e+00
-9.8241e-01 1.1725e-01 -1.4534e-01 -9.8241e-01 1.1725e-01 -1.4534e-01 0.0000e+00 0.0000e+00 0.0000e+00
4.5507e-01 -8.5788e-01 -2.3866e-01 4.5507e-01 -8.5788e-01 -2.3866e-01 0.0000e+00 0.0000e+00 0.0000e+00
1.9333e-01 9.7330e-01 1.2374e-01 1.9333e-01 9.7330e-01 1.2374e-01 0.0000e+00 0.0000e+00 0.0000e+00
-2.8461e-01 -7.0196e-01 6.5288e-01 -2.8461e-01 -7.0196e-01 6.5288e-01 0.0000e+00 0.0000e+00 0.0000e+00
3.8223e-01 -2.0623e-01 9.0076e-01 3.8223e-01 -2.0623e-01 9.0076e-01 0.0000e+00 0.0000e+00 0.0000e+00
4.5753e-01 8.8912e-01 -1.1339e-02 4.5753e-01 8.8912e-01 -1.1339e-02 0.0000e+00 0.0000e+00 0.0000e+00
-2.2788e-01 -8.7810e-01 -4.2073e-01 -2.2788e-01 -8.7810e-01 -4.2073e-01 0.0000e+00 0.0000e+00 0.0000e+00
4.7614e-01 -8.5433e-01 2.0834e-01 4.7614e-01 -8.5433e-01 2.0834e-01 0.0000e+00 0.0000e+00 0.0000e+00
-9.3567e-01 -1.8410e-01 -3.0106e-01 -9.3567e-01 -1.8410e-01 -3.0106e-01 0.0000e+00 0.0000e+00 0.0000e+00
3.4035e-01 -7.3684e-01 5.8415e-01 3.4035e-01 -7.3684e-01 5.8415e-01 0.0000e+00 0.0000e+00 0.0000e+00
3.3403e-01 5.9973e-02 -9.4065e-01 3.3403e-01 5.9973e-02 -9.4065e-01 0.0000e+00 0.0000e+00 0.0000e+00
8.6746e-03 8.3120e-01 -5.5591e-01 8.6746e-03 8.3120e-01 -5.5591e-01 0.0000e+00 0.0000e+00 0.0000e+00
-5.0512e-01 7.0900e-01 4.9210e-01 -5.0512e-01 7.0900e-01 4.9210e-01 0.0000e+00 0.0000e+00 0.0000e+00
-3.3573e-02 -1.0471e-01 -1.1362e-01 -3.3573e-02 -1.0471e-01 -1.1362e-01 0.0000e+00 0.0000e+00 0.0000e+00
-1.4118e-01 -7.9650e-01 -5.8792e-01 8.7120e-01 -3.8202e-01 3.0834e-01 0.0000e+00 0.0000e+00 0.0000e+00
-7.4752e-01 -1.6261e-02 6.6404e-01 8.3510e-02 9.8947e-01 1.1824e-01 0.0000e+00 0.0000e+00 0.0000e+00
-5.1646e-01 5.8884e-01 -6.2171e-01 -4.9760e-01 -7.9725e-01 -3.4174e-01 0.0000e+00 0.0000e+00 0.0000e+00
-3.3060e-01 -2.9353e-01 8.9697e-01 5.4249e-01 -8.3681e-01 -7.3893e-02 0.0000e+00 0.0000e+00 0.0000e+00
1.4236e-01 -1.4285e-01 -9.7945e-01 5.6538e-01 8.2395e-01 -3.7994e-02 0.0000e+00 0.0000e+00 0.0000e+00
3.0820e-01 -8.1943e-01 -4.8327e-01 4.3774e-01 5.7317e-01 -6.9271e-01 0.0000e+00 0.0000e+00 0.0000e+00
1.0738e-01 9.4326e-01 -3.1421e-01 -3.4323e-01 -2.6144e-01 -9.0213e-01 0.0000e+00 0.0000e+00 0.0000e+00
-1.0625e-02 7.8666e-01 6.1730e-01 -4.8783e-01 -5.4296e-01 6.8353e-01 0.0000e+00 0.0000e+00 0.0000e+00
3.0679e-01 8.5755e-01 4.1291e-01 8.7440e-01 -8.2598e-02 -4.7812e-01 0.0000e+00 0.0000e+00 0.0000e+00
-6.0341e-01 -7.9413e-01 -7.2460e-02 6.7281e-01 -5.5578e-01 4.8830e-01 0.0000e+00 0.0000e+00 0.0000e+00
5.2836e-02 -9.7642e-01 -2.0933e-01 1.2475e-01 -2.0153e-01 9.7151e-01 0.0000e+00 0.0000e+00 0.0000e+00
5.0195e-01 1.4043e-01 8.5342e-01 -8.2207e-01 -2.2919e-01 5.2123e-01 0.0000e+00 0.0000e+00 0.0000e+00
-2.3287e-01 9.6199e-01 1.4265e-01 -5.9470e-01 -2.4799e-02 -8.0357e-01 0.0000e+00 0.0000e+00 0.0000e+00
6.3799e-01 5.0028e-01 -5.8540e-01 7.5325e-01 -2.4749e-01 6.0940e-01 0.0000e+00 0.0000e+00 0.0000e+00
-8.6915e-02 -6.7494e-01 7.3273e-01 -9.8084e-01 1.8671e-01 5.5637e-02 0.0000e+00 0.0000e+00 0.0000e+00
-2.9488e-01 8.2905e-01 -4.7511e-01 -3.6775e-01 -5.5739e-01 -7.4436e-01 0.0000e+00 0.0000e+00 0.0000e+00
-1.3428e-01 9.5992e-01 -2.4600e-01 -6.9588e-01 8.5396e-02 7.1306e-01 0.0000e+00 0.0000e+00 0.0000e+00
5.1867e-01 -8.1285e-01 -2.6507e-01 -8.5078e-01 -5.2138e-01 -6.5912e-02 0.0000e+00 0.0000e+00 0.0000e+00
9.6861e-01 1.2733e-01 -2.1350e-01 -1.4435e-01 -4.1113e-01 -9.0008e-01 0.0000e+00 0.0000e+00 0.0000e+00
-6.9403e-01 2.6346e-01 -6.7001e-01 2.2984e-01 -8.0085e-01 -5.5300e-01 0.0000e+00 0.0000e+00 0.0000e+00
-3.8586e-03 -1.1541e-01 1.0801e-01 -3.8586e-03 -1.1541e-01 1.0801e-01 0.0000e+00 0.0000e+00 0.0000e+00
2.0283e-01 5.8332e-01 -7.8651e-01 3.3457e-01 7.1358e-01 6.1552e-01 0.0000e+00 0.0000e+00 0.0000e+00
4.9054e-01 8.6841e-01 7.2322e-02 -5.6042e-01 2.5084e-01 7.8931e-01 0.0000e+00 0.0000e+00 0.0000e+00
-7.7521e-01 5.9111e-01 -2.2279e-01 3.5260e-01 1.1228e-01 -9.2901e-01 0.0000e+00 0.0000e+00 0.0000e+00
4.8824e-01 -8.4882e-01 2.0279e-01 1.2116e-01 2.9605e-01 9.4746e-01 0.0000e+00 0.0000e+00 0.0000e+00
-9.9928e-01 1.7457e-02 3.3562e-02 3.5761e-02 1.4647e-01 9.8857e-01 0.0000e+00 0.0000e+00 0.0000e+00
-5.7982e-01 -7.8231e-01 2.2758e-01 8.0643e-01 -5.1127e-01 2.9711e-01 0.0000e+00 0.0000e+00 0.0000e+00
7.8195e-01 3.6207e-01 -5.0741e-01 -3.8220e-01 9.2153e-01 6.8591e-02 0.0000e+00 0.0000e+00 0.0000e+00
-9.7175e-01 -2.1382e-01 -9.9916e-02 -2.3142e-01 7.8022e-01 5.8112e-01 0.0000e+00 0.0000e+00 0.0000e+00
-9.5103e-01 -1.7778e-01 2.5287e-01 2.0246e-01 -9.7642e-01 7.4952e-02 0.0000e+00 0.0000e+00 0.0000e+00
7.5999e-01 6.4612e-01 7.0348e-02 -4.2399e-01 5.7490e-01 -6.9980e-01 0.0000e+00 0.0000e+00 0.0000e+00
-3.8014e-01 2.2567e-01 8.9698e-01 -5.1999e-01 7.4987e-01 -4.0903e-01 0.0000e+00 0.0000e+00 0.0000e+00
-3.2701e-01 9.4346e-01 -5.4228e-02 -7.4077e-01 -2.9154e-01 -6.0520e-01 0.0000e+00 0.0000e+00 0.0000e+00
7.7581e-01 4.0081e-01 -4.8731e-01 1.5781e-01 6.2452e-01 7.6490e-01 0.0000e+00 0.0000e+00 0.0000e+00
3.6102e-01 -9.3247e-01 1.2957e-02 5.3452e-02 6.8199e-03 -9.9855e-01 0.0000e+00 0.0000e+00 0.0000e+00
9.2023e-01 -1.3860e-01 3.6601e-01 2.9406e-01 -3.7228e-01 -8.8030e-01 0.0000e+00 0.0000e+00 0.0000e+00
-8.8002e-02 -2.8060e-01 9.5578e-01 -9.9210e-01 -6.1402e-02 -1.0937e-01 0.0000e+00 0.0000e+00 0.0000e+00
8.5698e-01 -3.5628e-01 -3.7236e-01 4.0015e-02 -6.7436e-01 7.3732e-01 0.0000e+00 0.0000e+00 0.0000e+00
7.1911e-01 -6.8445e-01 1.2001e-01 -6.1352e-03 -1.7895e-01 -9.8384e-01 0.0000e+00 0.0000e+00 0.0000e+00
6.9665e-01 6.2238e-01 3.5682e-01 -2.4851e-01 -2.5723e-01 9.3385e-01 0.0000e+00 0.0000e+00 0.0000e+00
-8.5205e-01 -4.8410e-01 1.9914e-01 4.9381e-01 -6.1711e-01 6.1265e-01 0.0000e+00 0.0000e+00 0.0000e+00
-1.5761e-01 1.1178e-02 5.7713e-03 -1.5761e-01 1.1178e-02 5.7713e-03 0.0000e+00 0.0000e+00 0.0000e+00
-8.6263e-01 4.1803e-01 -2.8483e-01 -5.0162e-02 4.8961e-01 8.7050e-01 0.0000e+00 0.0000e+00 0.0000e+00
-7.7145e-01 -4.8742e-01 4.0900e-01 6.0912e-01 -7.5156e-01 2.5325e-01 0.0000e+00 0.0000e+00 0.0000e+00
-2.8780e-01 8.9720e-01 -3.3496e-01 -8.3492e-01 -6.3730e-02 5.4667e-01 0.0000e+00 0.0000e+00 0.0000e+00
3.6907e-01 -4.1333e-01 8.3244e-01 5.3598e-01 8.2638e-01 1.7269e-01 0.0000e+00 0.0000e+00 0.0000e+00
8.5370e-01 -5.1684e-01 6.3807e-02 5.1854e-01 8.5496e-01 -1.2465e-02 0.0000e+00 0.0000e+00 0.0000e+00
6.4662e-01 6.4181e-01 4.1227e-01 -5.5429e-02 -4.9950e-01 8.6454e-01 0.0000e+00 0.0000e+00 0.0000e+00
-8.4675e-01 5.3189e-01 1.0186e-02 4.8560e-01 7.6495e-01 4.2313e-01 0.0000e+00 0.0000e+00 0.0000e+00
1.6410e-01 1.7063e-01 -9.7158e-01 8.9122e-02 9.7833e-01 1.8686e-01 0.0000e+00 0.0000e+00 0.0000e+00
3.4664e-01 -7.6208e-02 9.3490e-01 -8.2022e-01 -5.0817e-01 2.6270e-01 0.0000e+00 0.0000e+00 0.0000e+00
-4.6219e-01 2.0159e-01 -8.6357e-01 -8.6545e-01 1.0976e-01 4.8882e-01 0.0000e+00 0.0000e+00 0.0000e+00
8.1301e-01 -5.3760e-01 -2.2360e-01 -5.0795e-01 -4.6716e-01 -7.2371e-01 0.0000e+00 0.0000e+00 0.0000e+00
6.6077e-01 -6.2043e-01 -4.2244e-01 -6.4598e-01 -7.5666e-01 1.0087e-01 0.0000e+00 0.0000e+00 0.0000e+00
8.5738e-01 -4.4451e-01 -2.5944e-01 -2.3571e-01 1.0898e-01 -9.6569e-01 0.0000e+00 0.0000e+00 0.0000e+00
-3.3808e-01 4.7657e-01 -8.1153e-01 -9.1311e-01 4.2697e-02 4.0547e-01 0.0000e+00 0.0000e+00 0.0000e+00
2.6473e-01 -8.6669e-02 -9.6042e-01 8.3858e-01 5.1245e-01 1.8490e-01 0.0000e+00 0.0000e+00 0.0000e+00
2.7600e-01 1.4982e-01 -9.4941e-01 2.1989e-01 -9.7142e-01 -8.9369e-02 0.0000e+00 0.0000e+00 0.0000e+00
-3.8754e-01 -6.7594e-01 -6.2683e-01 -8.5672e-01 1.3040e-02 5.1561e-01 0.0000e+00 0.0000e+00 0.0000e+00
-9.0548e-01 -2.5675e-01 -3.3791e-01 2.6177e-01 -9.6462e-01 3.1456e-02 0.0000e+00 0.0000e+00 0.0000e+00
-6.1341e-01 4.4347e-01 6.5351e-01 7.8972e-01 3.3533e-01 5.1371e-01 0.0000e+00 0.0000e+00 0.0000e+00
3.7155e-01 6.9329e-01 -6.1749e-01 7.7897e-01 1.2907e-01 6.1363e-01 0.0000e+00 0.0000e+00 0.0000e+00
