7.6973e-03 8.2710e-02 -1.3454e-01 7.6973e-03 8.2710e-02 -1.3454e-01 0.0000e+00 0.0000e+00 0.0000e+00
-6.6634e-02 -6.1697e-01 3.3898e-01 -6.6634e-02 -6.1697e-01 3.3898e-01 0.0000e+00 0.0000e+00 0.0000e+00
6.7108e-01 -2.0378e-01 -9.0153e-02 6.7108e-01 -2.0378e-01 -9.0153e-02 0.0000e+00 0.0000e+00 0.0000e+00
3.3076e-01 -3.1032e-02 -6.2421e-01 3.3076e-01 -3.1032e-02 -6.2421e-01 0.0000e+00 0.0000e+00 0.0000e+00
6.4385e-01 -1.5019e-02 2.9194e-01 6.4385e-01 -1.5019e-02 2.9194e-01 0.0000e+00 0.0000e+00 0.0000e+00
-1.1501e-01 -2.2707e-01 6.5971e-01 -1.1501e-01 -2.2707e-01 6.5971e-01 0.0000e+00 0.0000e+00 0.0000e+00
-5.8922e-01 3.4474e-01 -1.8430e-01 -5.8922e-01 3.4474e-01 -1.8430e-01 0.0000e+00 0.0000e+00 0.0000e+00
-1.8140e-01 6.6119e-01 -1.7297e-01 -1.8140e-01 6.6119e-01 -1.7297e-01 0.0000e+00 0.0000e+00 0.0000e+00
1.3212e-01 -2.7824e-01 -6.3649e-01 1.3212e-01 -2.7824e-01 -6.3649e-01 0.0000e+00 0.0000e+00 0.0000e+00
2.5481e-01 -1.8642e-01 6.3271e-01 2.5481e-01 -1.8642e-01 6.3271e-01 0.0000e+00 0.0000e+00 0.0000e+00
-5.6280e-01 1.3848e-01 4.0506e-01 -5.6280e-01 1.3848e-01 4.0506e-01 0.0000e+00 0.0000e+00 0.0000e+00
6.3165e-01 1.6830e-01 -2.6961e-01 6.3165e-01 1.6830e-01 -2.6961e-01 0.0000e+00 0.0000e+00 0.0000e+00
-5.1250e-01 4.4464e-01 1.9908e-01 -5.1250e-01 4.4464e-01 1.9908e-01 0.0000e+00 0.0000e+00 0.0000e+00
-1.1657e-01 4.4199e-01 -5.3949e-01 -1.1657e-01 4.4199e-01 -5.3949e-01 0.0000e+00 0.0000e+00 0.0000e+00
-5.1831e-01 -2.9134e-01 -3.8272e-01 -5.1831e-01 -2.9134e-01 -3.8272e-01 0.0000e+00 0.0000e+00 0.0000e+00
3.7768e-01 -5.9740e-01 -2.1809e-02 3.7768e-01 -5.9740e-01 -2.1809e-02 0.0000e+00 0.0000e+00 0.0000e+00
-4.9061e-01 -4.6797e-01 2.0076e-01 -4.9061e-01 -4.6797e-01 2.0076e-01 0.0000e+00 0.0000e+00 0.0000e+00
-6.9985e-01 -9.9503e-02 -1.7437e-02 -6.9985e-01 -9.9503e-02 -1.7437e-02 0.0000e+00 0.0000e+00 0.0000e+00
-7.4381e-02 -5.1323e-02 -7.0131e-01 -7.4381e-02 -5.1323e-02 -7.0131e-01 0.0000e+00 0.0000e+00 0.0000e+00
3.0124e-01 5.6731e-01 2.9566e-01 3.0124e-01 5.6731e-01 2.9566e-01 0.0000e+00 0.0000e+00 0.0000e+00
3.8825e-01 -4.6160e-01 3.6904e-01 3.8825e-01 -4.6160e-01 3.6904e-01 0.0000e+00 0.0000e+00 0.0000e+00
-1.3636e-01 7.1865e-03 7.9721e-02 -1.3636e-01 7.1865e-03 7.9721e-02 0.0000e+00 0.0000e+00 0.0000e+00
-2.8556e-01 -4.4861e-01 4.6605e-01 -2.8556e-01 -4.4861e-01 4.6605e-01 0.0000e+00 0.0000e+00 0.0000e+00
4.5489e-01 2.1221e-01 -4.9803e-01 4.5489e-01 2.1221e-01 -4.9803e-01 0.0000e+00 0.0000e+00 0.0000e+00
-5.7464e-01 -4.0146e-01 -9.2816e-02 -5.7464e-01 -4.0146e-01 -9.2816e-02 0.0000e+00 0.0000e+00 0.0000e+00
3.5754e-01 -4.0328e-01 -4.5775e-01 3.5754e-01 -4.0328e-01 -4.5775e-01 0.0000e+00 0.0000e+00 0.0000e+00
-1.8861e-02 -6.9856e-01 -1.0794e-01 -1.8861e-02 -6.9856e-01 -1.0794e-01 0.0000e+00 0.0000e+00 0.0000e+00
2.6867e-01 6.4989e-01 -7.3909e-02 2.6867e-01 6.4989e-01 -7.3909e-02 0.0000e+00 0.0000e+00 0.0000e+00
3.2182e-01 2.1934e-01 5.9019e-01 3.2182e-01 2.1934e-01 5.9019e-01 0.0000e+00 0.0000e+00 0.0000e+00
9.8661e-02 4.6862e-01 5.2025e-01 9.8661e-02 4.6862e-01 5.2025e-01 0.0000e+00 0.0000e+00 0.0000e+00
-1.4980e-01 6.0681e-01 3.3066e-01 -1.4980e-01 6.0681e-01 3.3066e-01 0.0000e+00 0.0000e+00 0.0000e+00
-4.8243e-01 1.1303e-01 -5.0447e-01 -4.8243e-01 1.1303e-01 -5.0447e-01 0.0000e+00 0.0000e+00 0.0000e+00
-5.9933e-01 2.2834e-01 2.9778e-01 3.6928e-01 2.5925e-01 5.4444e-01 0.0000e+00 0.0000e+00 0.0000e+00
7.8673e-03 3.0757e-01 -6.3666e-01 2.2269e-01 6.0322e-01 2.9417e-01 0.0000e+00 0.0000e+00 0.0000e+00
1.6776e-01 6.8473e-01 5.4852e-02 -6.0204e-01 1.7375e-01 -3.2765e-01 0.0000e+00 0.0000e+00 0.0000e+00
2.0872e-01 5.1804e-01 -4.3367e-01 -2.0467e-01 4.8105e-01 4.7613e-01 0.0000e+00 0.0000e+00 0.0000e+00
-5.6703e-01 4.1998e-01 4.5707e-02 4.0651e-01 5.2159e-01 2.5039e-01 0.0000e+00 0.0000e+00 0.0000e+00
1.3789e-01 -1.2866e-01 -6.8149e-01 3.6579e-01 6.0382e-01 -3.9984e-02 0.0000e+00 0.0000e+00 0.0000e+00
5.2817e-01 2.4920e-01 3.9867e-01 -4.3374e-01 2.6927e-02 5.5780e-01 0.0000e+00 0.0000e+00 0.0000e+00
-1.0824e-02 -6.4865e-01 2.8131e-01 6.9457e-01 4.2818e-02 1.2545e-01 0.0000e+00 0.0000e+00 0.0000e+00
-3.2096e-02 6.7397e-01 2.1151e-01 6.5882e-01 1.0494e-01 -2.3440e-01 0.0000e+00 0.0000e+00 0.0000e+00
2.0726e-01 -4.9729e-01 4.5798e-01 3.7456e-01 4.8325e-01 3.5521e-01 0.0000e+00 0.0000e+00 0.0000e+00
9.6066e-04 8.3313e-02 1.3438e-01 9.6066e-04 8.3313e-02 1.3438e-01 0.0000e+00 0.0000e+00 0.0000e+00
2.2944e-01 1.7362e-01 6.4592e-01 -2.1994e-01 6.6448e-01 -1.0049e-01 0.0000e+00 0.0000e+00 0.0000e+00
-4.1242e-01 -2.4217e-01 -5.2083e-01 2.5933e-01 4.9361e-01 -4.3486e-01 0.0000e+00 0.0000e+00 0.0000e+00
-2.3437e-01 4.9034e-01 4.5237e-01 6.5687e-01 2.5339e-01 6.5662e-02 0.0000e+00 0.0000e+00 0.0000e+00
1.0795e-01 -6.1874e-01 3.2482e-01 -4.6872e-01 1.7966e-01 4.9802e-01 0.0000e+00 0.0000e+00 0.0000e+00
6.5338e-02 6.6894e-02 -7.0090e-01 5.9421e-01 3.7235e-01 9.0930e-02 0.0000e+00 0.0000e+00 0.0000e+00
-5.0533e-01 4.8182e-01 -1.1176e-01 -6.2832e-02 -2.2102e-01 -6.6873e-01 0.0000e+00 0.0000e+00 0.0000e+00
-1.0020e-01 6.9928e-01 3.1065e-02 -1.2873e-02 -3.3217e-02 7.0621e-01 0.0000e+00 0.0000e+00 0.0000e+00
-7.0305e-01 -8.4760e-03 7.5186e-02 1.3864e-02 -7.0519e-01 5.0137e-02 0.0000e+00 0.0000e+00 0.0000e+00
-2.9146e-01 -1.6921e-01 6.2163e-01 5.6948e-01 -3.8669e-01 1.6175e-01 0.0000e+00 0.0000e+00 0.0000e+00
-4.1114e-01 1.0622e-01 5.6540e-01 -4.2453e-01 -5.2501e-01 -2.1008e-01 0.0000e+00 0.0000e+00 0.0000e+00
-2.5869e-02 -5.0111e-01 -4.9821e-01 -6.4636e-01 2.1825e-01 -1.8596e-01 0.0000e+00 0.0000e+00 0.0000e+00
-5.3449e-01 2.7936e-01 -3.6916e-01 -8.5973e-02 -6.1394e-01 -3.4013e-01 0.0000e+00 0.0000e+00 0.0000e+00
3.9545e-01 -5.8207e-01 6.9332e-02 1.1577e-01 -4.4357e-03 -6.9755e-01 0.0000e+00 0.0000e+00 0.0000e+00
-2.8627e-01 -5.7944e-01 2.8688e-01 5.3871e-01 -4.0259e-02 4.5625e-01 0.0000e+00 0.0000e+00 0.0000e+00
-9.6930e-04 1.0801e-01 -6.9881e-01 -7.0685e-01 1.8491e-02 3.8385e-03 0.0000e+00 0.0000e+00 0.0000e+00
-6.9888e-02 -5.0920e-02 -7.0180e-01 -6.5033e-01 2.7396e-01 4.4885e-02 0.0000e+00 0.0000e+00 0.0000e+00
2.8153e-01 5.4273e-01 -3.5521e-01 5.6318e-01 -3.9665e-01 -1.5968e-01 0.0000e+00 0.0000e+00 0.0000e+00
5.5647e-01 2.6641e-01 -3.4550e-01 -4.2498e-01 4.5763e-01 -3.3162e-01 0.0000e+00 0.0000e+00 0.0000e+00
-6.7469e-01 -2.0162e-01 6.4347e-02 -1.4951e-01 3.0187e-01 -6.2171e-01 0.0000e+00 0.0000e+00 0.0000e+00
-5.0950e-01 -2.2092e-01 4.3773e-01 -8.7637e-02 6.6213e-01 2.3217e-01 0.0000e+00 0.0000e+00 0.0000e+00
1.3219e-01 -6.8097e-03 8.6477e-02 1.3219e-01 -6.8097e-03 8.6477e-02 0.0000e+00 0.0000e+00 0.0000e+00
4.6666e-01 -4.8164e-01 7.4179e-01 4.6666e-01 -4.8164e-01 7.4179e-01 0.0000e+00 0.0000e+00 0.0000e+00
3.1086e-01 9.3317e-01 1.8047e-01 3.1086e-01 9.3317e-01 1.8047e-01 0.0000e+00 0.0000e+00 0.0000e+00
7.9704e-01 -4.2061e-01 -4.3337e-01 7.9704e-01 -4.2061e-01 -4.3337e-01 0.0000e+00 0.0000e+00 0.0000e+00
-5.7095e-01 7.7880e-01 -2.5978e-01 -5.7095e-01 7.7880e-01 -2.5978e-01 0.0000e+00 0.0000e+00 0.0000e+00
4.2396e-01 2.1633e-02 9.0542e-01 4.2396e-01 2.1633e-02 9.0542e-01 0.0000e+00 0.0000e+00 0.0000e+00
-1.8920e-01 6.5548e-02 9.7975e-01 -1.8920e-01 6.5548e-02 9.7975e-01 0.0000e+00 0.0000e+00 0.0000e+00
9.7148e-01 -1.7537e-01 1.5957e-01 9.7148e-01 -1.7537e-01 1.5957e-01 0.0000e+00 0.0000e+00 0.0000e+00
-8.1372e-01 5.8116e-01 1.0572e-02 -8.1372e-01 5.8116e-01 1.0572e-02 0.0000e+00 0.0000e+00 0.0000e+00
-7.3813e-01 -1.3370e-01 -6.6128e-01 -7.3813e-01 -1.3370e-01 -6.6128e-01 0.0000e+00 0.0000e+00 0.0000e+00
2.6711e-01 -9.5787e-01 -1.0551e-01 2.6711e-01 -9.5787e-01 -1.0551e-01 0.0000e+00 0.0000e+00 0.0000e+00
-4.7513e-02 -9.8073e-01 1.8952e-01 -4.7513e-02 -9.8073e-01 1.8952e-01 0.0000e+00 0.0000e+00 0.0000e+00
2.3013e-01 -8.1673e-01 5.2915e-01 2.3013e-01 -8.1673e-01 5.2915e-01 0.0000e+00 0.0000e+00 0.0000e+00
-6.9181e-01 -5.0350e-01 5.1758e-01 -6.9181e-01 -5.0350e-01 5.1758e-01 0.0000e+00 0.0000e+00 0.0000e+00
-2.0732e-01 6.4693e-01 7.3382e-01 -2.0732e-01 6.4693e-01 7.3382e-01 0.0000e+00 0.0000e+00 0.0000e+00
4.1687e-01 3.0681e-01 -8.5562e-01 4.1687e-01 3.0681e-01 -8.5562e-01 0.0000e+00 0.0000e+00 0.0000e+00
-9.6323e-01 2.8795e-02 2.6712e-01 -9.6323e-01 2.8795e-02 2.6712e-01 0.0000e+00 0.0000e+00 0.0000e+00
7.5195e-01 5.3881e-02 -6.5701e-01 7.5195e-01 5.3881e-02 -6.5701e-01 0.0000e+00 0.0000e+00 0.0000e+00
-9.0226e-01 -4.1024e-01 1.3280e-01 -9.0226e-01 -4.1024e-01 1.3280e-01 0.0000e+00 0.0000e+00 0.0000e+00
-9.8525e-02 2.9449e-01 -9.5056e-01 -9.8525e-02 2.9449e-01 -9.5056e-01 0.0000e+00 0.0000e+00 0.0000e+00
5.2493e-01 -3.1896e-01 -7.8912e-01 5.2493e-01 -3.1896e-01 -7.8912e-01 0.0000e+00 0.0000e+00 0.0000e+00
-7.5984e-02 1.3864e-01 -2.2161e-03 -7.5984e-02 1.3864e-01 -2.2161e-03 0.0000e+00 0.0000e+00 0.0000e+00
-4.9610e-01 7.7369e-01 3.9406e-01 -4.9610e-01 7.7369e-01 3.9406e-01 0.0000e+00 0.0000e+00 0.0000e+00
-1.2803e-01 -3.8167e-01 -9.1539e-01 -1.2803e-01 -3.8167e-01 -9.1539e-01 0.0000e+00 0.0000e+00 0.0000e+00
-3.9555e-01 -8.1964e-01 4.1440e-01 -3.9555e-01 -8.1964e-01 4.1440e-01 0.0000e+00 0.0000e+00 0.0000e+00
4.3729e-01 5.7389e-01 6.9241e-01 4.3729e-01 5.7389e-01 6.9241e-01 0.0000e+00 0.0000e+00 0.0000e+00
-8.2590e-02 -8.6054e-01 -5.0265e-01 -8.2590e-02 -8.6054e-01 -5.0265e-01 0.0000e+00 0.0000e+00 0.0000e+00
1.2634e-01 6.4531e-01 -7.5340e-01 1.2634e-01 6.4531e-01 -7.5340e-01 0.0000e+00 0.0000e+00 0.0000e+00
-6.7001e-01 -6.4229e-01 -3.7222e-01 -6.7001e-01 -6.4229e-01 -3.7222e-01 0.0000e+00 0.0000e+00 0.0000e+00
6.3757e-01 7.6988e-01 -2.8209e-02 6.3757e-01 7.6988e-01 -2.8209e-02 0.0000e+00 0.0000e+00 0.0000e+00
-7.8507e-01 3.4982e-01 -5.1117e-01 -7.8507e-01 3.4982e-01 -5.1117e-01 0.0000e+00 0.0000e+00 0.0000e+00
9.1734e-01 2.7139e-01 2.9128e-01 9.1734e-01 2.7139e-01 2.9128e-01 0.0000e+00 0.0000e+00 0.0000e+00
3.3761e-01 -6.7819e-01 -6.5274e-01 -8.1746e-01 -5.5504e-01 1.5388e-01 0.0000e+00 0.0000e+00 0.0000e+00
9.4868e-01 -3.1622e-01 1.0258e-03 5.8027e-02 1.7089e-01 -9.8358e-01 0.0000e+00 0.0000e+00 0.0000e+00
-2.9092e-01 -8.9625e-01 3.3481e-01 5.2924e-01 1.4078e-01 8.3671e-01 0.0000e+00 0.0000e+00 0.0000e+00
7.0737e-01 6.2726e-01 3.2582e-01 -4.1670e-01 -2.2664e-03 9.0904e-01 0.0000e+00 0.0000e+00 0.0000e+00
-6.8817e-01 6.5762e-01 3.0652e-01 5.8880e-01 7.5304e-01 -2.9370e-01 0.0000e+00 0.0000e+00 0.0000e+00
6.0167e-01 7.9626e-01 6.2919e-02 -7.7601e-01 6.0139e-01 -1.9009e-01 0.0000e+00 0.0000e+00 0.0000e+00
2.3709e-01 7.1053e-01 -6.6252e-01 2.8021e-03 6.8146e-01 7.3185e-01 0.0000e+00 0.0000e+00 0.0000e+00
3.5241e-01 5.0773e-01 -7.8615e-01 4.6225e-01 6.3598e-01 6.1795e-01 0.0000e+00 0.0000e+00 0.0000e+00
-6.6959e-01 2.5215e-02 7.4230e-01 -8.2569e-02 9.9070e-01 -1.0813e-01 0.0000e+00 0.0000e+00 0.0000e+00
-3.0991e-02 1.0090e-01 -9.9441e-01 9.6317e-01 2.6889e-01 -2.7353e-03 0.0000e+00 0.0000e+00 0.0000e+00
8.9989e-02 1.2999e-01 1.9633e-03 8.9989e-02 1.2999e-01 1.9633e-03 0.0000e+00 0.0000e+00 0.0000e+00
9.9317e-01 -2.6137e-02 1.1374e-01 1.0659e-01 -1.9363e-01 -9.7527e-01 0.0000e+00 0.0000e+00 0.0000e+00
9.4969e-01 3.0717e-01 6.1084e-02 2.1243e-01 -4.8847e-01 -8.4633e-01 0.0000e+00 0.0000e+00 0.0000e+00
2.0318e-01 -8.2357e-01 -5.2958e-01 6.9291e-01 -2.6121e-01 6.7205e-01 0.0000e+00 0.0000e+00 0.0000e+00
-9.6870e-01 -3.1106e-02 -2.4626e-01 -1.3649e-01 -7.6191e-01 6.3313e-01 0.0000e+00 0.0000e+00 0.0000e+00
2.4355e-01 8.6919e-01 4.3034e-01 -8.7573e-01 3.8778e-01 -2.8761e-01 0.0000e+00 0.0000e+00 0.0000e+00
-3.7274e-02 -9.9895e-01 -2.6723e-02 2.6607e-01 -3.5697e-02 9.6329e-01 0.0000e+00 0.0000e+00 0.0000e+00
-3.2716e-01 -8.3475e-01 -4.4290e-01 5.7230e-01 -5.4798e-01 6.1007e-01 0.0000e+00 0.0000e+00 0.0000e+00
-3.8360e-01 9.0431e-01 1.8730e-01 -1.9693e-01 1.1805e-01 -9.7329e-01 0.0000e+00 0.0000e+00 0.0000e+00
9.8030e-01 1.9303e-01 -4.1807e-02 1.7117e-01 -9.3596e-01 -3.0771e-01 0.0000e+00 0.0000e+00 0.0000e+00
7.2425e-01 6.5441e-01 2.1727e-01 -4.4711e-01 6.8558e-01 -5.7453e-01 0.0000e+00 0.0000e+00 0.0000e+00
-6.5500e-01 -3.5560e-02 -7.5479e-01 5.6996e-01 6.3257e-01 -5.2441e-01 0.0000e+00 0.0000e+00 0.0000e+00
-2.8677e-02 -9.2117e-01 3.8810e-01 -9.9136e-01 7.5940e-02 1.0699e-01 0.0000e+00 0.0000e+00 0.0000e+00
8.9735e-01 -2.4873e-01 3.6456e-01 1.9573e-01 -5.1606e-01 -8.3389e-01 0.0000e+00 0.0000e+00 0.0000e+00
-6.7227e-01 7.2000e-01 -1.7219e-01 -5.9735e-01 -3.9019e-01 7.0066e-01 0.0000e+00 0.0000e+00 0.0000e+00
2.1271e-01 4.7753e-01 -8.5248e-01 -9.7362e-01 1.7732e-01 -1.4360e-01 0.0000e+00 0.0000e+00 0.0000e+00
9.4000e-01 -3.2053e-01 -1.1692e-01 -3.1693e-01 -6.9343e-01 -6.4708e-01 0.0000e+00 0.0000e+00 0.0000e+00
-6.7765e-01 7.3390e-01 -4.6614e-02 -3.0311e-01 -2.2100e-01 9.2697e-01 0.0000e+00 0.0000e+00 0.0000e+00
-3.3665e-01 2.4549e-01 -9.0907e-01 -6.9295e-01 5.8909e-01 4.1569e-01 0.0000e+00 0.0000e+00 0.0000e+00
3.5054e-01 -4.2947e-01 -8.3227e-01 5.1068e-01 8.3257e-01 -2.1454e-01 0.0000e+00 0.0000e+00 0.0000e+00
3.3263e-01 -9.2449e-01 -1.8622e-01 2.1875e-01 2.6771e-01 -9.3834e-01 0.0000e+00 0.0000e+00 0.0000e+00
