-1.2843e-01 -8.0271e-02 -4.5402e-02 -1.2843e-01 -8.0271e-02 -4.5402e-02 0.0000e+00 0.0000e+00 0.0000e+00
2.3039e-01 -5.9292e-01 -3.0880e-01 2.3039e-01 -5.9292e-01 -3.0880e-01 0.0000e+00 0.0000e+00 0.0000e+00
-2.6574e-01 -3.3396e-01 -5.6378e-01 -2.6574e-01 -3.3396e-01 -5.6378e-01 0.0000e+00 0.0000e+00 0.0000e+00
2.4986e-02 -1.8307e-01 -6.8254e-01 2.4986e-02 -1.8307e-01 -6.8254e-01 0.0000e+00 0.0000e+00 0.0000e+00
-8.6490e-02 3.4083e-01 -6.1348e-01 -8.6490e-02 3.4083e-01 -6.1348e-01 0.0000e+00 0.0000e+00 0.0000e+00
9.5339e-03 4.1873e-01 5.6972e-01 9.5339e-03 4.1873e-01 5.6972e-01 0.0000e+00 0.0000e+00 0.0000e+00
-4.6679e-01 3.8549e-02 -5.2974e-01 -4.6679e-01 3.8549e-02 -5.2974e-01 0.0000e+00 0.0000e+00 0.0000e+00
6.7850e-01 1.9190e-01 -5.3012e-02 6.7850e-01 1.9190e-01 -5.3012e-02 0.0000e+00 0.0000e+00 0.0000e+00
-6.3228e-01 -1.1215e-01 2.9605e-01 -6.3228e-01 -1.1215e-01 2.9605e-01 0.0000e+00 0.0000e+00 0.0000e+00
-2.1969e-01 6.3832e-01 -2.1045e-01 -2.1969e-01 6.3832e-01 -2.1045e-01 0.0000e+00 0.0000e+00 0.0000e+00
4.3909e-01 -5.5006e-01 -6.8110e-02 4.3909e-01 -5.5006e-01 -6.8110e-02 0.0000e+00 0.0000e+00 0.0000e+00
4.1284e-01 -3.9181e-01 4.1959e-01 4.1284e-01 -3.9181e-01 4.1959e-01 0.0000e+00 0.0000e+00 0.0000e+00
-2.6489e-01 -5.3668e-01 -3.7658e-01 -2.6489e-01 -5.3668e-01 -3.7658e-01 0.0000e+00 0.0000e+00 0.0000e+00
-7.0376e-01 6.4403e-02 -2.3918e-02 -7.0376e-01 6.4403e-02 -2.3918e-02 0.0000e+00 0.0000e+00 0.0000e+00
-3.7989e-01 -3.4403e-01 4.8716e-01 -3.7989e-01 -3.4403e-01 4.8716e-01 0.0000e+00 0.0000e+00 0.0000e+00
-9.4544e-03 8.8214e-02 -7.0152e-01 -9.4544e-03 8.8214e-02 -7.0152e-01 0.0000e+00 0.0000e+00 0.0000e+00
2.4394e-01 9.2981e-02 6.5715e-01 2.4394e-01 9.2981e-02 6.5715e-01 0.0000e+00 0.0000e+00 0.0000e+00
6.5428e-01 -1.3046e-01 -2.3431e-01 6.5428e-01 -1.3046e-01 -2.3431e-01 0.0000e+00 0.0000e+00 0.0000e+00
6.5298e-01 3.2473e-02 2.6936e-01 6.5298e-01 3.2473e-02 2.6936e-01 0.0000e+00 0.0000e+00 0.0000e+00
-4.5782e-01 5.0464e-01 -1.8907e-01 -4.5782e-01 5.0464e-01 -1.8907e-01 0.0000e+00 0.0000e+00 0.0000e+00
-4.7193e-01 -9.1512e-02 5.1856e-01 -4.7193e-01 -9.1512e-02 5.1856e-01 0.0000e+00 0.0000e+00 0.0000e+00
-5.7723e-02 -1.3768e-01 5.2086e-02 -5.7723e-02 -1.3768e-01 5.2086e-02 0.0000e+00 0.0000e+00 0.0000e+00
5.9731e-01 -3.5439e-01 -1.3276e-01 5.9731e-01 -3.5439e-01 -1.3276e-01 0.0000e+00 0.0000e+00 0.0000e+00
4.8079e-01 3.9792e-01 3.3242e-01 4.8079e-01 3.9792e-01 3.3242e-01 0.0000e+00 0.0000e+00 0.0000e+00
2.0704e-02 6.0629e-01 3.6330e-01 2.0704e-02 6.0629e-01 3.6330e-01 0.0000e+00 0.0000e+00 0.0000e+00
-2.8693e-01 -6.3352e-01 -1.2777e-01 -2.8693e-01 -6.3352e-01 -1.2777e-01 0.0000e+00 0.0000e+00 0.0000e+00
3.0421e-01 -2.1732e-01 6.0019e-01 3.0421e-01 -2.1732e-01 6.0019e-01 0.0000e+00 0.0000e+00 0.0000e+00
-4.1329e-02 -6.9879e-01 -9.9907e-02 -4.1329e-02 -6.9879e-01 -9.9907e-02 0.0000e+00 0.0000e+00 0.0000e+00
1.8517e-01 -5.1952e-01 4.4251e-01 1.8517e-01 -5.1952e-01 4.4251e-01 0.0000e+00 0.0000e+00 0.0000e+00
6.7683e-02 5.6913e-01 -4.1413e-01 6.7683e-02 5.6913e-01 -4.1413e-01 0.0000e+00 0.0000e+00 0.0000e+00
-5.0570e-01 1.5772e-01 4.6839e-01 -5.0570e-01 1.5772e-01 4.6839e-01 0.0000e+00 0.0000e+00 0.0000e+00
3.9831e-02 6.8410e-01 -1.7440e-01 3.9831e-02 6.8410e-01 -1.7440e-01 0.0000e+00 0.0000e+00 0.0000e+00
5.3721e-01 4.4641e-01 -1.1012e-01 5.3721e-01 4.4641e-01 -1.1012e-01 0.0000e+00 0.0000e+00 0.0000e+00
5.3418e-01 3.4288e-01 -3.1158e-01 5.3418e-01 3.4288e-01 -3.1158e-01 0.0000e+00 0.0000e+00 0.0000e+00
2.9784e-01 6.2878e-01 -1.2621e-01 2.9784e-01 6.2878e-01 -1.2621e-01 0.0000e+00 0.0000e+00 0.0000e+00
-5.7992e-01 1.9997e-01 -3.5171e-01 -5.7992e-01 1.9997e-01 -3.5171e-01 0.0000e+00 0.0000e+00 0.0000e+00
-6.3406e-01 -2.5947e-01 -1.7503e-01 -6.3406e-01 -2.5947e-01 -1.7503e-01 0.0000e+00 0.0000e+00 0.0000e+00
2.4384e-01 9.5432e-02 -6.5684e-01 2.4384e-01 9.5432e-02 -6.5684e-01 0.0000e+00 0.0000e+00 0.0000e+00
-4.6126e-01 3.9215e-01 3.6532e-01 -4.6126e-01 3.9215e-01 3.6532e-01 0.0000e+00 0.0000e+00 0.0000e+00
-3.0626e-01 -5.3678e-01 3.4362e-01 -3.0626e-01 -5.3678e-01 3.4362e-01 0.0000e+00 0.0000e+00 0.0000e+00
-2.8178e-01 1.7279e-01 6.2509e-01 -2.8178e-01 1.7279e-01 6.2509e-01 0.0000e+00 0.0000e+00 0.0000e+00
4.9583e-01 4.9176e-01 1.1103e-01 4.9583e-01 4.9176e-01 1.1103e-01 0.0000e+00 0.0000e+00 0.0000e+00
8.5766e-02 -1.3275e-01 4.7508e-03 8.5766e-02 -1.3275e-01 4.7508e-03 0.0000e+00 0.0000e+00 0.0000e+00
5.0018e-01 1.8911e-01 4.6267e-01 5.0018e-01 1.8911e-01 4.6267e-01 0.0000e+00 0.0000e+00 0.0000e+00
-1.5335e-01 -3.6289e-01 5.8719e-01 -1.5335e-01 -3.6289e-01 5.8719e-01 0.0000e+00 0.0000e+00 0.0000e+00
2.4309e-01 -4.1266e-01 -5.2021e-01 2.4309e-01 -4.1266e-01 -5.2021e-01 0.0000e+00 0.0000e+00 0.0000e+00
-6.2875e-01 3.0132e-01 -1.1781e-01 -6.2875e-01 3.0132e-01 -1.1781e-01 0.0000e+00 0.0000e+00 0.0000e+00
2.0720e-01 -6.7435e-01 -4.8241e-02 2.0720e-01 -6.7435e-01 -4.8241e-02 0.0000e+00 0.0000e+00 0.0000e+00
-4.2405e-01 1.2290e-01 -5.5234e-01 5.1682e-01 3.6515e-01 -3.1553e-01 0.0000e+00 0.0000e+00 0.0000e+00
5.9875e-01 -3.7093e-01 -6.2502e-02 -2.6623e-01 -5.0088e-01 4.2219e-01 0.0000e+00 0.0000e+00 0.0000e+00
5.6007e-01 4.2160e-01 -9.2576e-02 -4.3092e-01 5.3734e-01 -1.5990e-01 0.0000e+00 0.0000e+00 0.0000e+00
7.0007e-01 -1.4112e-03 -9.9482e-02 -4.9176e-02 -6.1954e-01 -3.3727e-01 0.0000e+00 0.0000e+00 0.0000e+00
-7.0698e-01 -1.7197e-03 1.3095e-02 9.1400e-03 -5.6979e-01 4.1863e-01 0.0000e+00 0.0000e+00 0.0000e+00
5.3062e-01 2.6668e-03 -4.6737e-01 -2.3482e-02 -7.0605e-01 -3.0688e-02 0.0000e+00 0.0000e+00 0.0000e+00
1.6098e-01 -4.1802e-01 5.4712e-01 -1.1715e-01 5.3706e-01 4.4480e-01 0.0000e+00 0.0000e+00 0.0000e+00
1.3635e-01 -6.9325e-01 2.8596e-02 2.8571e-01 8.2657e-02 6.4151e-01 0.0000e+00 0.0000e+00 0.0000e+00
-6.5515e-02 2.0001e-01 6.7506e-01 -6.6891e-01 -2.2923e-01 2.9995e-03 0.0000e+00 0.0000e+00 0.0000e+00
5.5419e-01 4.3433e-01 6.5040e-02 -8.7594e-03 -9.3768e-02 7.0081e-01 0.0000e+00 0.0000e+00 0.0000e+00
4.3521e-01 -1.2343e-01 -5.4347e-01 -3.7438e-01 -5.7554e-01 -1.6909e-01 0.0000e+00 0.0000e+00 0.0000e+00
-2.4287e-01 -2.9693e-01 5.9401e-01 6.0897e-01 -3.5187e-01 7.3094e-02 0.0000e+00 0.0000e+00 0.0000e+00
2.8143e-02 4.5680e-02 -7.0507e-01 6.2672e-02 7.0268e-01 4.8027e-02 0.0000e+00 0.0000e+00 0.0000e+00
5.4740e-01 2.8118e-02 4.4673e-01 -2.3672e-01 6.1713e-01 2.5122e-01 0.0000e+00 0.0000e+00 0.0000e+00
7.0402e-01 -6.3678e-02 -1.7495e-02 -6.5357e-02 -6.9869e-01 -8.6977e-02 0.0000e+00 0.0000e+00 0.0000e+00
-1.1336e-02 -1.3980e-01 -7.2987e-02 -1.1336e-02 -1.3980e-01 -7.2987e-02 0.0000e+00 0.0000e+00 0.0000e+00
-5.8048e-01 3.6932e-01 1.6323e-01 3.2176e-01 5.9578e-01 -2.0374e-01 0.0000e+00 0.0000e+00 0.0000e+00
-2.4167e-01 -5.5462e-01 -3.6604e-01 1.1625e-01 -4.1878e-01 5.5778e-01 0.0000e+00 0.0000e+00 0.0000e+00
-2.6114e-01 -1.1526e-01 6.4693e-01 7.3618e-02 -6.9689e-01 -9.4450e-02 0.0000e+00 0.0000e+00 0.0000e+00
4.9997e-01 4.9032e-01 9.8067e-02 -2.0109e-01 7.0191e-02 6.7427e-01 0.0000e+00 0.0000e+00 0.0000e+00
1.6079e-01 -6.8813e-01 2.4896e-02 5.0142e-01 1.3453e-01 4.8008e-01 0.0000e+00 0.0000e+00 0.0000e+00
-6.0161e-02 1.5599e-01 -6.8706e-01 3.7362e-01 5.9167e-01 1.0162e-01 0.0000e+00 0.0000e+00 0.0000e+00
1.8481e-01 -5.5508e-01 3.9716e-01 -4.8445e-01 1.8316e-01 4.8142e-01 0.0000e+00 0.0000e+00 0.0000e+00
-6.9608e-01 8.0574e-02 -9.4794e-02 1.2268e-01 3.5486e-01 -5.9919e-01 0.0000e+00 0.0000e+00 0.0000e+00
-6.4595e-01 2.7670e-01 7.8637e-02 -2.0456e-02 1.4862e-01 -6.9101e-01 0.0000e+00 0.0000e+00 0.0000e+00
-6.2761e-01 -2.2313e-01 2.3731e-01 -1.1646e-01 6.3481e-01 2.8888e-01 0.0000e+00 0.0000e+00 0.0000e+00
7.0547e-01 -3.7416e-02 -3.0130e-02 -2.4490e-02 1.0144e-01 -6.9936e-01 0.0000e+00 0.0000e+00 0.0000e+00
-6.4465e-01 1.7282e-02 2.9004e-01 2.2391e-01 4.7937e-01 4.6911e-01 0.0000e+00 0.0000e+00 0.0000e+00
2.4783e-01 -4.0867e-01 -5.2113e-01 -6.5879e-01 -9.5262e-02 -2.3859e-01 0.0000e+00 0.0000e+00 0.0000e+00
4.3969e-01 4.4959e-01 3.2333e-01 -2.2569e-01 5.2249e-01 -4.1961e-01 0.0000e+00 0.0000e+00 0.0000e+00
-4.4593e-02 -1.7189e-01 -6.8444e-01 -7.0457e-01 4.9553e-02 3.3459e-02 0.0000e+00 0.0000e+00 0.0000e+00
3.6530e-02 -2.1026e-01 -6.7413e-01 4.5834e-01 -5.0647e-01 1.8280e-01 0.0000e+00 0.0000e+00 0.0000e+00
4.2458e-01 -5.5261e-01 1.1978e-01 1.8542e-01 2.7757e-01 6.2335e-01 0.0000e+00 0.0000e+00 0.0000e+00
-4.3922e-01 9.8589e-02 -5.4531e-01 -4.6731e-01 3.0809e-01 4.3209e-01 0.0000e+00 0.0000e+00 0.0000e+00
-4.0306e-01 -3.3897e-01 4.7185e-01 3.5162e-02 -5.8746e-01 -3.9199e-01 0.0000e+00 0.0000e+00 0.0000e+00
1.0606e-01 1.9391e-01 -6.7168e-01 -2.9447e-01 6.2855e-01 1.3496e-01 0.0000e+00 0.0000e+00 0.0000e+00
-5.9801e-03 -7.5960e-02 1.3854e-01 -5.9801e-03 -7.5960e-02 1.3854e-01 0.0000e+00 0.0000e+00 0.0000e+00
-2.2454e-02 -6.9817e-01 -1.0977e-01 6.6335e-01 -5.8712e-02 2.3773e-01 0.0000e+00 0.0000e+00 0.0000e+00
-4.9776e-01 -1.3476e-01 -4.8382e-01 1.9869e-01 5.7276e-01 -3.6396e-01 0.0000e+00 0.0000e+00 0.0000e+00
6.2810e-01 -3.1889e-01 6.1671e-02 -1.0815e-01 -3.3193e-01 -6.1492e-01 0.0000e+00 0.0000e+00 0.0000e+00
-6.2682e-01 -2.4744e-01 -2.1416e-01 1.6641e-01 -6.3947e-01 2.5178e-01 0.0000e+00 0.0000e+00 0.0000e+00
3.0441e-01 -4.1618e-01 4.8387e-01 -4.0185e-01 2.9149e-01 5.0353e-01 0.0000e+00 0.0000e+00 0.0000e+00
-6.3406e-02 6.7326e-01 -2.0663e-01 -4.9579e-01 1.0468e-01 4.9319e-01 0.0000e+00 0.0000e+00 0.0000e+00
-4.7647e-01 4.9087e-01 1.7894e-01 4.9946e-01 3.5686e-01 3.5098e-01 0.0000e+00 0.0000e+00 0.0000e+00
-6.4390e-01 -2.8181e-01 -7.7341e-02 1.6219e-01 -5.0030e-01 4.7265e-01 0.0000e+00 0.0000e+00 0.0000e+00
2.6998e-01 3.4679e-01 -5.5394e-01 1.7827e-01 5.3754e-01 4.2341e-01 0.0000e+00 0.0000e+00 0.0000e+00
-3.0292e-02 4.1145e-02 -7.0526e-01 6.7539e-01 2.0872e-01 -1.6832e-02 0.0000e+00 0.0000e+00 0.0000e+00
-4.4074e-01 8.6859e-01 2.2651e-01 -4.4074e-01 8.6859e-01 2.2651e-01 0.0000e+00 0.0000e+00 0.0000e+00
4.7138e-01 -7.1068e-02 8.7906e-01 4.7138e-01 -7.1068e-02 8.7906e-01 0.0000e+00 0.0000e+00 0.0000e+00
8.1569e-01 -3.6038e-01 -4.5253e-01 8.1569e-01 -3.6038e-01 -4.5253e-01 0.0000e+00 0.0000e+00 0.0000e+00
-2.5496e-01 -8.8852e-01 3.8148e-01 -2.5496e-01 -8.8852e-01 3.8148e-01 0.0000e+00 0.0000e+00 0.0000e+00
2.5213e-01 9.6752e-01 -1.8082e-02 2.5213e-01 9.6752e-01 -1.8082e-02 0.0000e+00 0.0000e+00 0.0000e+00
8.1478e-01 1.0016e-02 5.7969e-01 8.1478e-01 1.0016e-02 5.7969e-01 0.0000e+00 0.0000e+00 0.0000e+00
2.0011e-01 -2.7572e-01 9.4018e-01 2.0011e-01 -2.7572e-01 9.4018e-01 0.0000e+00 0.0000e+00 0.0000e+00
-2.1980e-01 7.0037e-02 9.7303e-01 -2.1980e-01 7.0037e-02 9.7303e-01 0.0000e+00 0.0000e+00 0.0000e+00
-7.7970e-01 6.2346e-01 -5.8090e-02 -7.7970e-01 6.2346e-01 -5.8090e-02 0.0000e+00 0.0000e+00 0.0000e+00
5.4970e-01 -3.9495e-01 -7.3610e-01 5.4970e-01 -3.9495e-01 -7.3610e-01 0.0000e+00 0.0000e+00 0.0000e+00
5.1682e-02 3.4263e-02 1.4545e-01 5.1682e-02 3.4263e-02 1.4545e-01 0.0000e+00 0.0000e+00 0.0000e+00
-5.9836e-01 -7.9909e-01 5.8481e-02 -5.9836e-01 -7.9909e-01 5.8481e-02 0.0000e+00 0.0000e+00 0.0000e+00
-9.7796e-01 -4.0342e-02 2.0487e-01 -9.7796e-01 -4.0342e-02 2.0487e-01 0.0000e+00 0.0000e+00 0.0000e+00
-1.4211e-01 7.4821e-01 6.4807e-01 -1.4211e-01 7.4821e-01 6.4807e-01 0.0000e+00 0.0000e+00 0.0000e+00
-1.7413e-01 -4.0451e-01 -8.9780e-01 -1.7413e-01 -4.0451e-01 -8.9780e-01 0.0000e+00 0.0000e+00 0.0000e+00
5.3289e-01 5.5633e-01 6.3759e-01 5.3289e-01 5.5633e-01 6.3759e-01 0.0000e+00 0.0000e+00 0.0000e+00
8.4832e-01 5.2317e-01 8.1501e-02 8.4832e-01 5.2317e-01 8.1501e-02 0.0000e+00 0.0000e+00 0.0000e+00
-2.0075e-01 4.3725e-01 8.7665e-01 -2.0075e-01 4.3725e-01 8.7665e-01 0.0000e+00 0.0000e+00 0.0000e+00
-1.1187e-01 8.8211e-01 -4.5757e-01 -1.1187e-01 8.8211e-01 -4.5757e-01 0.0000e+00 0.0000e+00 0.0000e+00
-6.5808e-01 3.1856e-01 -6.8224e-01 -6.5808e-01 3.1856e-01 -6.8224e-01 0.0000e+00 0.0000e+00 0.0000e+00
7.3896e-01 3.2227e-01 -5.9168e-01 7.3896e-01 3.2227e-01 -5.9168e-01 0.0000e+00 0.0000e+00 0.0000e+00
-9.7703e-01 -1.4948e-01 -1.5186e-01 -9.7703e-01 -1.4948e-01 -1.5186e-01 0.0000e+00 0.0000e+00 0.0000e+00
-2.3403e-01 -9.0402e-01 -3.5775e-01 -2.3403e-01 -9.0402e-01 -3.5775e-01 0.0000e+00 0.0000e+00 0.0000e+00
-8.1599e-01 -3.5492e-01 -4.5629e-01 -8.1599e-01 -3.5492e-01 -4.5629e-01 0.0000e+00 0.0000e+00 0.0000e+00
1.1690e-01 -9.8901e-01 9.0479e-02 1.1690e-01 -9.8901e-01 9.0479e-02 0.0000e+00 0.0000e+00 0.0000e+00
-6.2241e-01 -6.7907e-01 3.8918e-01 -6.2241e-01 -6.7907e-01 3.8918e-01 0.0000e+00 0.0000e+00 0.0000e+00
-1.1255e-01 9.4544e-01 3.0574e-01 -1.1255e-01 9.4544e-01 3.0574e-01 0.0000e+00 0.0000e+00 0.0000e+00
4.6584e-01 -6.8973e-01 -5.5432e-01 4.6584e-01 -6.8973e-01 -5.5432e-01 0.0000e+00 0.0000e+00 0.0000e+00
1.3164e-01 7.6749e-02 9.8832e-01 1.3164e-01 7.6749e-02 9.8832e-01 0.0000e+00 0.0000e+00 0.0000e+00
-2.0363e-01 -6.9968e-01 -6.8483e-01 -2.0363e-01 -6.9968e-01 -6.8483e-01 0.0000e+00 0.0000e+00 0.0000e+00
-9.3939e-01 1.9775e-01 -2.8006e-01 -9.3939e-01 1.9775e-01 -2.8006e-01 0.0000e+00 0.0000e+00 0.0000e+00
1.4580e-01 1.5023e-02 -5.9300e-02 1.4580e-01 1.5023e-02 -5.9300e-02 0.0000e+00 0.0000e+00 0.0000e+00
4.6491e-01 -7.5440e-01 4.6341e-01 4.6491e-01 -7.5440e-01 4.6341e-01 0.0000e+00 0.0000e+00 0.0000e+00
-3.7184e-01 5.4608e-01 -7.5069e-01 -3.7184e-01 5.4608e-01 -7.5069e-01 0.0000e+00 0.0000e+00 0.0000e+00
8.2801e-01 -2.6259e-02 -5.6010e-01 8.2801e-01 -2.6259e-02 -5.6010e-01 0.0000e+00 0.0000e+00 0.0000e+00
1.4444e-01 3.2127e-01 -9.3591e-01 1.4444e-01 3.2127e-01 -9.3591e-01 0.0000e+00 0.0000e+00 0.0000e+00
7.6131e-01 -5.1498e-01 3.9395e-01 7.6131e-01 -5.1498e-01 3.9395e-01 0.0000e+00 0.0000e+00 0.0000e+00
9.4861e-01 -3.0549e-01 -8.2567e-02 9.4861e-01 -3.0549e-01 -8.2567e-02 0.0000e+00 0.0000e+00 0.0000e+00
3.4403e-01 6.5272e-01 -6.7499e-01 3.4403e-01 6.5272e-01 -6.7499e-01 0.0000e+00 0.0000e+00 0.0000e+00
-5.3683e-01 -2.5160e-01 -8.0530e-01 -5.3683e-01 -2.5160e-01 -8.0530e-01 0.0000e+00 0.0000e+00 0.0000e+00
-1.2559e-02 6.6138e-01 -7.4994e-01 -1.2559e-02 6.6138e-01 -7.4994e-01 0.0000e+00 0.0000e+00 0.0000e+00
5.6807e-01 7.5311e-01 3.3184e-01 5.6807e-01 7.5311e-01 3.3184e-01 0.0000e+00 0.0000e+00 0.0000e+00
-8.7977e-01 -4.0249e-01 2.5299e-01 -8.7977e-01 -4.0249e-01 2.5299e-01 0.0000e+00 0.0000e+00 0.0000e+00
-7.0196e-01 6.4956e-01 2.9210e-01 -7.0196e-01 6.4956e-01 2.9210e-01 0.0000e+00 0.0000e+00 0.0000e+00
4.8406e-01 -8.6581e-01 1.2672e-01 4.8406e-01 -8.6581e-01 1.2672e-01 0.0000e+00 0.0000e+00 0.0000e+00
5.5244e-01 -4.8296e-02 -8.3215e-01 5.5244e-01 -4.8296e-02 -8.3215e-01 0.0000e+00 0.0000e+00 0.0000e+00
-4.7438e-01 -3.2161e-01 8.1947e-01 -4.7438e-01 -3.2161e-01 8.1947e-01 0.0000e+00 0.0000e+00 0.0000e+00
4.5869e-01 4.3484e-01 -7.7493e-01 7.7159e-01 2.3764e-01 5.9006e-01 0.0000e+00 0.0000e+00 0.0000e+00
5.3891e-01 8.1222e-01 -2.2331e-01 6.9813e-01 -5.7900e-01 -4.2116e-01 0.0000e+00 0.0000e+00 0.0000e+00
2.0081e-01 -5.5722e-01 8.0572e-01 5.4252e-01 7.4808e-01 3.8215e-01 0.0000e+00 0.0000e+00 0.0000e+00
9.5494e-01 -2.9335e-01 -4.5047e-02 -1.5193e-01 -3.5280e-01 -9.2328e-01 0.0000e+00 0.0000e+00 0.0000e+00
8.2644e-01 -2.2501e-01 -5.1611e-01 -5.0342e-01 1.1518e-01 -8.5633e-01 0.0000e+00 0.0000e+00 0.0000e+00
-7.8391e-02 5.6086e-02 1.2534e-01 -7.8391e-02 5.6086e-02 1.2534e-01 0.0000e+00 0.0000e+00 0.0000e+00
1.6101e-01 9.5661e-01 -2.4284e-01 -5.5697e-01 2.9119e-01 7.7781e-01 0.0000e+00 0.0000e+00 0.0000e+00
-7.8200e-01 5.3318e-01 3.2280e-01 5.9029e-01 7.9981e-01 1.0892e-01 0.0000e+00 0.0000e+00 0.0000e+00
8.3690e-01 5.2606e-01 1.5118e-01 -5.0128e-01 8.4756e-01 -1.7424e-01 0.0000e+00 0.0000e+00 0.0000e+00
5.7274e-01 7.4760e-01 3.3624e-01 -2.5306e-01 -2.2890e-01 9.3998e-01 0.0000e+00 0.0000e+00 0.0000e+00
-4.9702e-01 5.5361e-01 -6.6820e-01 -6.7142e-01 -7.3316e-01 -1.0802e-01 0.0000e+00 0.0000e+00 0.0000e+00
-7.9984e-01 6.0002e-01 1.5074e-02 4.7136e-02 3.7756e-02 9.9817e-01 0.0000e+00 0.0000e+00 0.0000e+00
-2.3687e-02 9.9626e-01 8.3109e-02 -2.0746e-01 7.6425e-02 -9.7525e-01 0.0000e+00 0.0000e+00 0.0000e+00
-9.7781e-01 -2.0792e-01 2.5636e-02 -1.5393e-01 6.3004e-01 -7.6115e-01 0.0000e+00 0.0000e+00 0.0000e+00
-1.1126e-01 9.1397e-01 -3.9022e-01 9.7842e-01 3.1944e-02 -2.0415e-01 0.0000e+00 0.0000e+00 0.0000e+00
7.9305e-01 -5.9116e-01 -1.4700e-01 2.9514e-01 5.8398e-01 -7.5622e-01 0.0000e+00 0.0000e+00 0.0000e+00
5.2787e-01 -8.4766e-01 -5.3146e-02 -4.1280e-02 -8.8106e-02 9.9526e-01 0.0000e+00 0.0000e+00 0.0000e+00
-1.5409e-01 -8.9782e-01 4.1252e-01 9.6745e-01 -5.2269e-02 2.4761e-01 0.0000e+00 0.0000e+00 0.0000e+00
-4.8995e-01 3.5163e-01 7.9768e-01 8.6454e-01 3.1343e-01 3.9285e-01 0.0000e+00 0.0000e+00 0.0000e+00
-7.1093e-01 3.5574e-02 7.0236e-01 2.4801e-01 9.4724e-01 2.0306e-01 0.0000e+00 0.0000e+00 0.0000e+00
3.1259e-01 -9.4194e-01 -1.2264e-01 5.9685e-01 9.4332e-02 7.9679e-01 0.0000e+00 0.0000e+00 0.0000e+00
-1.8281e-01 2.2185e-01 9.5779e-01 -1.0948e-01 9.6355e-01 -2.4408e-01 0.0000e+00 0.0000e+00 0.0000e+00
4.5621e-01 -4.2705e-01 7.8070e-01 8.5855e-01 -1.9503e-02 -5.1237e-01 0.0000e+00 0.0000e+00 0.0000e+00
5.4578e-01 -2.1290e-01 -8.1043e-01 1.9049e-01 -9.1033e-01 3.6743e-01 0.0000e+00 0.0000e+00 0.0000e+00
-1.3546e-01 7.4373e-02 9.8799e-01 -9.8386e-01 -1.2775e-01 -1.2528e-01 0.0000e+00 0.0000e+00 0.0000e+00
6.4674e-01 -7.2627e-01 -2.3294e-01 -4.4083e-01 -1.0671e-01 -8.9122e-01 0.0000e+00 0.0000e+00 0.0000e+00
1.2927e-01 -4.9486e-02 7.6417e-02 1.2927e-01 -4.9486e-02 7.6417e-02 0.0000e+00 0.0000e+00 0.0000e+00
9.0857e-01 2.2249e-01 -3.5355e-01 4.0228e-01 -2.3800e-01 8.8404e-01 0.0000e+00 0.0000e+00 0.0000e+00
-2.4392e-01 -7.0226e-01 6.6883e-01 -8.5059e-01 -1.7636e-01 -4.9538e-01 0.0000e+00 0.0000e+00 0.0000e+00
6.1209e-01 -7.9053e-01 -2.0137e-02 -7.7975e-01 -6.0759e-01 1.5104e-01 0.0000e+00 0.0000e+00 0.0000e+00
6.8628e-01 3.9686e-01 -6.0953e-01 -6.9825e-01 5.9410e-01 -3.9936e-01 0.0000e+00 0.0000e+00 0.0000e+00
-1.5293e-01 4.8940e-01 8.5855e-01 -3.0684e-01 -8.4934e-01 4.2950e-01 0.0000e+00 0.0000e+00 0.0000e+00
-6.5155e-02 4.9284e-01 8.6768e-01 -8.8296e-01 -4.3358e-01 1.7997e-01 0.0000e+00 0.0000e+00 0.0000e+00
7.2699e-01 -3.3155e-01 -6.0129e-01 -5.7725e-01 -7.6933e-01 -2.7372e-01 0.0000e+00 0.0000e+00 0.0000e+00
-4.2431e-01 6.2366e-01 -6.5651e-01 -3.6655e-01 -7.8125e-01 -5.0525e-01 0.0000e+00 0.0000e+00 0.0000e+00
-9.8645e-01 1.2108e-01 -1.1067e-01 7.7760e-02 9.3922e-01 3.3441e-01 0.0000e+00 0.0000e+00 0.0000e+00
-5.2234e-01 -8.4710e-01 -9.7933e-02 3.8415e-01 -1.3122e-01 -9.1390e-01 0.0000e+00 0.0000e+00 0.0000e+00
-7.9735e-02 -4.8324e-01 8.7185e-01 -3.0624e-01 -8.2046e-01 -4.8276e-01 0.0000e+00 0.0000e+00 0.0000e+00
8.6577e-01 -4.9876e-01 -4.1030e-02 -3.6343e-01 -5.7027e-01 -7.3669e-01 0.0000e+00 0.0000e+00 0.0000e+00
7.9875e-01 1.5581e-01 -5.8114e-01 -2.7168e-01 9.5521e-01 -1.1732e-01 0.0000e+00 0.0000e+00 0.0000e+00
5.7797e-01 -6.0722e-01 -5.4519e-01 -8.1596e-01 -4.4030e-01 -3.7464e-01 0.0000e+00 0.0000e+00 0.0000e+00
6.9566e-01 -2.2397e-01 -6.8257e-01 -4.3973e-01 6.1860e-01 -6.5114e-01 0.0000e+00 0.0000e+00 0.0000e+00
-3.0148e-01 8.8382e-01 3.5772e-01 -3.6758e-01 2.3844e-01 -8.9891e-01 0.0000e+00 0.0000e+00 0.0000e+00
5.4947e-01 7.5486e-01 -3.5814e-01 4.5313e-01 9.0901e-02 8.8680e-01 0.0000e+00 0.0000e+00 0.0000e+00
-3.7957e-02 1.2390e-01 9.9157e-01 -8.7421e-01 -4.8478e-01 2.7112e-02 0.0000e+00 0.0000e+00 0.0000e+00
1.1733e-01 -9.8387e-01 1.3499e-01 8.2526e-01 1.7222e-01 5.3786e-01 0.0000e+00 0.0000e+00 0.0000e+00
1.7314e-01 8.7861e-01 4.4505e-01 -8.6313e-01 3.5300e-01 -3.6111e-01 0.0000e+00 0.0000e+00 0.0000e+00
