-7.4660e-02 -8.2944e-02 1.1201e-01 -7.4660e-02 -8.2944e-02 1.1201e-01 0.0000e+00 0.0000e+00 0.0000e+00
-6.8366e-01 -1.6738e-01 6.7808e-02 -6.8366e-01 -1.6738e-01 6.7808e-02 0.0000e+00 0.0000e+00 0.0000e+00
-5.1589e-01 -4.8298e-01 2.4139e-02 -5.1589e-01 -4.8298e-01 2.4139e-02 0.0000e+00 0.0000e+00 0.0000e+00
-2.7661e-01 3.5856e-01 -5.4307e-01 -2.7661e-01 3.5856e-01 -5.4307e-01 0.0000e+00 0.0000e+00 0.0000e+00
-3.7086e-01 -2.2799e-01 5.5721e-01 -3.7086e-01 -2.2799e-01 5.5721e-01 0.0000e+00 0.0000e+00 0.0000e+00
5.5889e-01 3.0102e-01 -3.1150e-01 5.5889e-01 3.0102e-01 -3.1150e-01 0.0000e+00 0.0000e+00 0.0000e+00
1.6565e-01 -6.1464e-01 -3.0785e-01 1.6565e-01 -6.1464e-01 -3.0785e-01 0.0000e+00 0.0000e+00 0.0000e+00
-5.0057e-02 -4.3492e-01 5.5528e-01 -5.0057e-02 -4.3492e-01 5.5528e-01 0.0000e+00 0.0000e+00 0.0000e+00
4.9220e-02 1.3370e-01 -6.9261e-01 4.9220e-02 1.3370e-01 -6.9261e-01 0.0000e+00 0.0000e+00 0.0000e+00
1.2028e-01 -6.9680e-01 1.1994e-03 1.2028e-01 -6.9680e-01 1.1994e-03 0.0000e+00 0.0000e+00 0.0000e+00
-3.9856e-01 5.7884e-01 7.8070e-02 -3.9856e-01 5.7884e-01 7.8070e-02 0.0000e+00 0.0000e+00 0.0000e+00
-7.8840e-02 -4.8688e-01 -5.0668e-01 -7.8840e-02 -4.8688e-01 -5.0668e-01 0.0000e+00 0.0000e+00 0.0000e+00
2.3963e-01 6.5722e-01 -1.0314e-01 2.3963e-01 6.5722e-01 -1.0314e-01 0.0000e+00 0.0000e+00 0.0000e+00
-6.0966e-01 -2.5780e-01 -2.4871e-01 -6.0966e-01 -2.5780e-01 -2.4871e-01 0.0000e+00 0.0000e+00 0.0000e+00
5.4554e-01 1.3530e-02 4.4967e-01 5.4554e-01 1.3530e-02 4.4967e-01 0.0000e+00 0.0000e+00 0.0000e+00
5.3373e-01 -3.8085e-02 -4.6226e-01 5.3373e-01 -3.8085e-02 -4.6226e-01 0.0000e+00 0.0000e+00 0.0000e+00
5.1301e-02 2.0997e-01 6.7326e-01 5.1301e-02 2.0997e-01 6.7326e-01 0.0000e+00 0.0000e+00 0.0000e+00
-3.5665e-01 -2.4621e-01 -5.5874e-01 -3.5665e-01 -2.4621e-01 -5.5874e-01 0.0000e+00 0.0000e+00 0.0000e+00
1.3803e-01 6.6439e-01 1.9884e-01 1.3803e-01 6.6439e-01 1.9884e-01 0.0000e+00 0.0000e+00 0.0000e+00
3.5380e-01 -5.5617e-01 2.5594e-01 3.5380e-01 -5.5617e-01 2.5594e-01 0.0000e+00 0.0000e+00 0.0000e+00
-2.8783e-01 1.0395e-01 6.3746e-01 -2.8783e-01 1.0395e-01 6.3746e-01 0.0000e+00 0.0000e+00 0.0000e+00
1.1380e-01 -3.5062e-02 -1.0402e-01 1.1380e-01 -3.5062e-02 -1.0402e-01 0.0000e+00 0.0000e+00 0.0000e+00
4.9268e-01 -3.8310e-01 -3.3242e-01 4.9268e-01 -3.8310e-01 -3.3242e-01 0.0000e+00 0.0000e+00 0.0000e+00
-6.8269e-01 9.1655e-02 -1.5981e-01 -6.8269e-01 9.1655e-02 -1.5981e-01 0.0000e+00 0.0000e+00 0.0000e+00
3.1900e-01 4.9885e-01 -3.8651e-01 3.1900e-01 4.9885e-01 -3.8651e-01 0.0000e+00 0.0000e+00 0.0000e+00
6.0089e-01 -3.7221e-01 1.9737e-02 6.0089e-01 -3.7221e-01 1.9737e-02 0.0000e+00 0.0000e+00 0.0000e+00
3.9070e-01 4.9493e-01 3.2000e-01 3.9070e-01 4.9493e-01 3.2000e-01 0.0000e+00 0.0000e+00 0.0000e+00
5.3841e-01 -2.9746e-01 3.4876e-01 5.3841e-01 -2.9746e-01 3.4876e-01 0.0000e+00 0.0000e+00 0.0000e+00
-2.3387e-01 4.0369e-01 5.3136e-01 -2.3387e-01 4.0369e-01 5.3136e-01 0.0000e+00 0.0000e+00 0.0000e+00
2.6595e-01 -5.2870e-02 6.5305e-01 2.6595e-01 -5.2870e-02 6.5305e-01 0.0000e+00 0.0000e+00 0.0000e+00
-6.6379e-01 1.4312e-01 1.9722e-01 -6.6379e-01 1.4312e-01 1.9722e-01 0.0000e+00 0.0000e+00 0.0000e+00
-2.8250e-02 6.2908e-01 -3.2166e-01 -2.8250e-02 6.2908e-01 -3.2166e-01 0.0000e+00 0.0000e+00 0.0000e+00
-1.7482e-01 6.7997e-01 -8.4109e-02 -4.5296e-02 -9.8084e-02 -6.9880e-01 0.0000e+00 0.0000e+00 0.0000e+00
4.8357e-01 -5.1555e-01 1.9271e-02 4.4365e-03 3.0567e-02 7.0643e-01 0.0000e+00 0.0000e+00 0.0000e+00
-5.6078e-01 1.6806e-01 3.9659e-01 3.3018e-01 5.8583e-01 2.1861e-01 0.0000e+00 0.0000e+00 0.0000e+00
4.9276e-01 -4.9095e-01 1.2708e-01 3.4591e-01 4.5495e-01 4.1637e-01 0.0000e+00 0.0000e+00 0.0000e+00
2.9946e-01 -6.3589e-01 -7.7214e-02 3.1300e-01 7.0894e-02 6.3008e-01 0.0000e+00 0.0000e+00 0.0000e+00
-8.1601e-02 -3.3201e-01 6.1896e-01 -6.8257e-01 -1.0948e-01 -1.4871e-01 0.0000e+00 0.0000e+00 0.0000e+00
5.5191e-01 -3.7078e-01 -2.4066e-01 -4.3919e-01 -4.1637e-01 -3.6571e-01 0.0000e+00 0.0000e+00 0.0000e+00
5.8206e-01 -3.9990e-01 -3.5829e-02 -3.9847e-01 -5.6763e-01 -1.3789e-01 0.0000e+00 0.0000e+00 0.0000e+00
-9.4939e-02 -1.5182e-02 7.0054e-01 -6.9030e-01 -1.1932e-01 -9.6138e-02 0.0000e+00 0.0000e+00 0.0000e+00
-4.1851e-01 -3.4895e-01 4.5064e-01 -4.0742e-01 -2.0780e-01 -5.3928e-01 0.0000e+00 0.0000e+00 0.0000e+00
-5.3925e-02 1.1623e-01 -9.2648e-02 -5.3925e-02 1.1623e-01 -9.2648e-02 0.0000e+00 0.0000e+00 0.0000e+00
-4.6710e-02 -5.0510e-01 4.9263e-01 -7.0114e-01 8.8398e-02 2.4155e-02 0.0000e+00 0.0000e+00 0.0000e+00
1.9465e-01 -1.7410e-01 -6.5712e-01 -6.3615e-01 1.9430e-01 -2.3992e-01 0.0000e+00 0.0000e+00 0.0000e+00
-2.0628e-02 5.1539e-01 -4.8368e-01 -3.5762e-01 4.0977e-01 4.5188e-01 0.0000e+00 0.0000e+00 0.0000e+00
1.9063e-01 6.3324e-01 -2.5033e-01 -4.0748e-01 3.1436e-01 4.8491e-01 0.0000e+00 0.0000e+00 0.0000e+00
2.2355e-01 -5.9634e-01 3.0724e-01 4.0640e-01 3.7805e-01 4.3808e-01 0.0000e+00 0.0000e+00 0.0000e+00
-2.1931e-01 6.4632e-01 -1.8486e-01 -6.7028e-01 -1.9540e-01 1.1201e-01 0.0000e+00 0.0000e+00 0.0000e+00
-6.0164e-01 3.1402e-02 3.7020e-01 1.0409e-01 -6.6211e-01 2.2532e-01 0.0000e+00 0.0000e+00 0.0000e+00
6.9097e-01 -1.4907e-01 1.8457e-02 -5.9261e-02 -1.9070e-01 6.7832e-01 0.0000e+00 0.0000e+00 0.0000e+00
5.8860e-01 2.2766e-01 -3.1893e-01 1.6845e-01 3.7263e-01 5.7687e-01 0.0000e+00 0.0000e+00 0.0000e+00
1.1986e-01 -6.7717e-01 1.6455e-01 6.3466e-01 1.7503e-01 2.5802e-01 0.0000e+00 0.0000e+00 0.0000e+00
3.8743e-01 5.8334e-01 -9.8069e-02 3.2736e-01 -1.1380e-01 6.1635e-01 0.0000e+00 0.0000e+00 0.0000e+00
1.7756e-01 1.6373e-01 -6.6458e-01 4.9138e-02 6.8176e-01 1.8109e-01 0.0000e+00 0.0000e+00 0.0000e+00
5.5351e-01 -1.3169e-02 4.3983e-01 3.0309e-01 -5.0098e-01 -3.9643e-01 0.0000e+00 0.0000e+00 0.0000e+00
-1.5755e-01 -2.8757e-01 -6.2648e-01 3.3779e-01 5.2798e-01 -3.2730e-01 0.0000e+00 0.0000e+00 0.0000e+00
-4.6146e-01 1.8071e-02 5.3547e-01 3.6662e-01 -5.0469e-01 3.3298e-01 0.0000e+00 0.0000e+00 0.0000e+00
2.8016e-01 6.3936e-01 1.1280e-01 -3.6280e-01 5.2294e-02 6.0468e-01 0.0000e+00 0.0000e+00 0.0000e+00
5.7432e-01 4.0846e-01 -5.7537e-02 -3.3979e-01 4.1255e-01 -4.6298e-01 0.0000e+00 0.0000e+00 0.0000e+00
6.4300e-01 -1.1426e-01 -2.7111e-01 -1.2579e-01 -6.9581e-01 -5.1025e-03 0.0000e+00 0.0000e+00 0.0000e+00
-7.7606e-02 -6.6666e-01 2.2258e-01 2.3099e-01 1.8730e-01 6.4153e-01 0.0000e+00 0.0000e+00 0.0000e+00
-9.0437e-04 3.2188e-01 6.2959e-01 7.0654e-01 2.5565e-02 -1.2055e-02 0.0000e+00 0.0000e+00 0.0000e+00
1.4236e-01 6.8778e-02 2.0782e-03 1.4236e-01 6.8778e-02 2.0782e-03 0.0000e+00 0.0000e+00 0.0000e+00
-8.0417e-01 3.2962e-01 4.9463e-01 -8.0417e-01 3.2962e-01 4.9463e-01 0.0000e+00 0.0000e+00 0.0000e+00
-5.8933e-02 5.4426e-01 8.3684e-01 -5.8933e-02 5.4426e-01 8.3684e-01 0.0000e+00 0.0000e+00 0.0000e+00
-3.1777e-01 -6.9401e-01 -6.4604e-01 -3.1777e-01 -6.9401e-01 -6.4604e-01 0.0000e+00 0.0000e+00 0.0000e+00
8.8194e-01 -3.5708e-02 -4.7000e-01 8.8194e-01 -3.5708e-02 -4.7000e-01 0.0000e+00 0.0000e+00 0.0000e+00
-6.8167e-01 -6.4075e-01 3.5322e-01 -6.8167e-01 -6.4075e-01 3.5322e-01 0.0000e+00 0.0000e+00 0.0000e+00
4.6181e-01 -2.7578e-01 8.4302e-01 4.6181e-01 -2.7578e-01 8.4302e-01 0.0000e+00 0.0000e+00 0.0000e+00
2.4460e-01 4.6733e-01 8.4957e-01 2.4460e-01 4.6733e-01 8.4957e-01 0.0000e+00 0.0000e+00 0.0000e+00
6.3046e-01 -2.5131e-01 -7.3442e-01 6.3046e-01 -2.5131e-01 -7.3442e-01 0.0000e+00 0.0000e+00 0.0000e+00
1.5262e-01 9.3826e-01 -3.1043e-01 1.5262e-01 9.3826e-01 -3.1043e-01 0.0000e+00 0.0000e+00 0.0000e+00
-1.5233e-01 2.6214e-01 9.5293e-01 -1.5233e-01 2.6214e-01 9.5293e-01 0.0000e+00 0.0000e+00 0.0000e+00
-9.0237e-01 -2.4609e-01 3.5378e-01 -9.0237e-01 -2.4609e-01 3.5378e-01 0.0000e+00 0.0000e+00 0.0000e+00
1.0272e-01 -7.5122e-01 6.5201e-01 1.0272e-01 -7.5122e-01 6.5201e-01 0.0000e+00 0.0000e+00 0.0000e+00
-8.7776e-01 1.8385e-01 -4.4242e-01 -8.7776e-01 1.8385e-01 -4.4242e-01 0.0000e+00 0.0000e+00 0.0000e+00
-8.0600e-01 -5.7239e-01 -1.5079e-01 -8.0600e-01 -5.7239e-01 -1.5079e-01 0.0000e+00 0.0000e+00 0.0000e+00
-7.0419e-01 7.0719e-01 -6.3255e-02 -7.0419e-01 7.0719e-01 -6.3255e-02 0.0000e+00 0.0000e+00 0.0000e+00
-5.7721e-01 -6.5836e-02 -8.1394e-01 -5.7721e-01 -6.5836e-02 -8.1394e-01 0.0000e+00 0.0000e+00 0.0000e+00
-9.0149e-01 -1.2205e-01 -4.1523e-01 -9.0149e-01 -1.2205e-01 -4.1523e-01 0.0000e+00 0.0000e+00 0.0000e+00
-5.4383e-01 5.5092e-01 6.3304e-01 -5.4383e-01 5.5092e-01 6.3304e-01 0.0000e+00 0.0000e+00 0.0000e+00
-3.4332e-01 -5.6199e-01 7.5253e-01 -3.4332e-01 -5.6199e-01 7.5253e-01 0.0000e+00 0.0000e+00 0.0000e+00
5.6469e-01 4.4099e-02 -8.2412e-01 5.6469e-01 4.4099e-02 -8.2412e-01 0.0000e+00 0.0000e+00 0.0000e+00
-3.9150e-02 -1.5316e-01 3.2618e-03 -3.9150e-02 -1.5316e-01 3.2618e-03 0.0000e+00 0.0000e+00 0.0000e+00
6.8406e-01 -6.8062e-01 -2.6231e-01 6.8406e-01 -6.8062e-01 -2.6231e-01 0.0000e+00 0.0000e+00 0.0000e+00
9.1535e-02 9.9574e-01 1.1020e-02 9.1535e-02 9.9574e-01 1.1020e-02 0.0000e+00 0.0000e+00 0.0000e+00
9.4638e-02 4.1634e-01 -9.0427e-01 9.4638e-02 4.1634e-01 -9.0427e-01 0.0000e+00 0.0000e+00 0.0000e+00
-4.5915e-01 7.7254e-01 4.3858e-01 -4.5915e-01 7.7254e-01 4.3858e-01 0.0000e+00 0.0000e+00 0.0000e+00
7.2985e-01 2.6698e-01 6.2931e-01 7.2985e-01 2.6698e-01 6.2931e-01 0.0000e+00 0.0000e+00 0.0000e+00
8.3499e-02 3.9699e-02 9.9572e-01 8.3499e-02 3.9699e-02 9.9572e-01 0.0000e+00 0.0000e+00 0.0000e+00
9.3798e-01 3.2333e-01 1.2513e-01 9.3798e-01 3.2333e-01 1.2513e-01 0.0000e+00 0.0000e+00 0.0000e+00
3.4882e-01 2.7105e-01 -8.9714e-01 3.4882e-01 2.7105e-01 -8.9714e-01 0.0000e+00 0.0000e+00 0.0000e+00
9.9218e-01 4.6811e-02 1.1569e-01 9.9218e-01 4.6811e-02 1.1569e-01 0.0000e+00 0.0000e+00 0.0000e+00
6.0597e-01 -4.7920e-01 6.3496e-01 6.0597e-01 -4.7920e-01 6.3496e-01 0.0000e+00 0.0000e+00 0.0000e+00
-9.6346e-01 2.6786e-01 -1.0652e-03 -9.6346e-01 2.6786e-01 -1.0652e-03 0.0000e+00 0.0000e+00 0.0000e+00
-1.2925e-01 9.6951e-01 -2.0821e-01 -1.2925e-01 9.6951e-01 -2.0821e-01 0.0000e+00 0.0000e+00 0.0000e+00
4.9157e-02 8.5083e-01 5.2314e-01 4.9157e-02 8.5083e-01 5.2314e-01 0.0000e+00 0.0000e+00 0.0000e+00
-6.7992e-01 6.4015e-01 -3.5766e-01 -6.7992e-01 6.4015e-01 -3.5766e-01 0.0000e+00 0.0000e+00 0.0000e+00
-9.8431e-01 6.4968e-04 1.7645e-01 -9.8431e-01 6.4968e-04 1.7645e-01 0.0000e+00 0.0000e+00 0.0000e+00
1.9447e-01 7.8069e-01 -5.9389e-01 1.9447e-01 7.8069e-01 -5.9389e-01 0.0000e+00 0.0000e+00 0.0000e+00
-3.6371e-01 -9.2644e-01 -9.7124e-02 -3.6371e-01 -9.2644e-01 -9.7124e-02 0.0000e+00 0.0000e+00 0.0000e+00
-3.5486e-01 -8.4279e-01 -4.0469e-01 -3.5486e-01 -8.4279e-01 -4.0469e-01 0.0000e+00 0.0000e+00 0.0000e+00
3.7537e-01 -3.8213e-01 -8.4444e-01 3.7537e-01 -3.8213e-01 -8.4444e-01 0.0000e+00 0.0000e+00 0.0000e+00
2.0570e-01 -7.3878e-01 -6.4179e-01 2.0570e-01 -7.3878e-01 -6.4179e-01 0.0000e+00 0.0000e+00 0.0000e+00
8.5679e-02 -1.2780e-01 -3.6415e-02 8.5679e-02 -1.2780e-01 -3.6415e-02 0.0000e+00 0.0000e+00 0.0000e+00
-5.6979e-01 -8.1457e-01 1.0866e-01 -5.6979e-01 -8.1457e-01 1.0866e-01 0.0000e+00 0.0000e+00 0.0000e+00
-4.4747e-01 8.8574e-01 -1.2344e-01 -4.4747e-01 8.8574e-01 -1.2344e-01 0.0000e+00 0.0000e+00 0.0000e+00
-7.1361e-02 9.6117e-01 2.6657e-01 -7.1361e-02 9.6117e-01 2.6657e-01 0.0000e+00 0.0000e+00 0.0000e+00
8.7060e-01 -4.2445e-01 2.4879e-01 8.7060e-01 -4.2445e-01 2.4879e-01 0.0000e+00 0.0000e+00 0.0000e+00
-3.3296e-01 -1.9020e-01 -9.2356e-01 -3.3296e-01 -1.9020e-01 -9.2356e-01 0.0000e+00 0.0000e+00 0.0000e+00
3.5686e-01 -9.1771e-01 -1.7451e-01 3.5686e-01 -9.1771e-01 -1.7451e-01 0.0000e+00 0.0000e+00 0.0000e+00
1.7905e-01 -5.2205e-01 8.3391e-01 1.7905e-01 -5.2205e-01 8.3391e-01 0.0000e+00 0.0000e+00 0.0000e+00
-4.2471e-01 -8.2700e-01 3.6836e-01 -4.2471e-01 -8.2700e-01 3.6836e-01 0.0000e+00 0.0000e+00 0.0000e+00
6.0870e-01 4.9883e-01 -6.1697e-01 6.0870e-01 4.9883e-01 -6.1697e-01 0.0000e+00 0.0000e+00 0.0000e+00
4.1075e-01 -6.8614e-01 6.0042e-01 4.1075e-01 -6.8614e-01 6.0042e-01 0.0000e+00 0.0000e+00 0.0000e+00
-7.0298e-01 1.9515e-01 -6.8391e-01 -7.0298e-01 1.9515e-01 -6.8391e-01 0.0000e+00 0.0000e+00 0.0000e+00
2.4187e-01 1.5304e-02 -9.7019e-01 2.4187e-01 1.5304e-02 -9.7019e-01 0.0000e+00 0.0000e+00 0.0000e+00
2.8907e-01 -8.6470e-01 4.1077e-01 2.8907e-01 -8.6470e-01 4.1077e-01 0.0000e+00 0.0000e+00 0.0000e+00
8.6002e-01 4.8459e-01 -1.5978e-01 8.6002e-01 4.8459e-01 -1.5978e-01 0.0000e+00 0.0000e+00 0.0000e+00
-7.4017e-01 -2.1900e-01 6.3576e-01 -7.4017e-01 -2.1900e-01 6.3576e-01 0.0000e+00 0.0000e+00 0.0000e+00
-5.3905e-01 -5.1869e-01 -6.6362e-01 -5.3905e-01 -5.1869e-01 -6.6362e-01 0.0000e+00 0.0000e+00 0.0000e+00
8.6490e-01 -4.5260e-01 -2.1703e-01 8.6490e-01 -4.5260e-01 -2.1703e-01 0.0000e+00 0.0000e+00 0.0000e+00
1.8069e-01 -2.3786e-01 9.5434e-01 1.8069e-01 -2.3786e-01 9.5434e-01 0.0000e+00 0.0000e+00 0.0000e+00
7.2755e-01 5.2652e-01 4.3983e-01 7.2755e-01 5.2652e-01 4.3983e-01 0.0000e+00 0.0000e+00 0.0000e+00
5.9871e-01 7.7111e-01 2.1666e-01 5.9871e-01 7.7111e-01 2.1666e-01 0.0000e+00 0.0000e+00 0.0000e+00
-2.2706e-02 3.2862e-03 -1.5644e-01 -2.2706e-02 3.2862e-03 -1.5644e-01 0.0000e+00 0.0000e+00 0.0000e+00
3.2006e-01 -4.6110e-01 8.2762e-01 5.0088e-01 8.2386e-01 2.6530e-01 0.0000e+00 0.0000e+00 0.0000e+00
7.1092e-01 6.1138e-01 -3.4756e-01 -7.0080e-01 5.7445e-01 -4.2296e-01 0.0000e+00 0.0000e+00 0.0000e+00
4.3888e-01 4.9631e-01 -7.4904e-01 -8.4048e-01 5.2155e-01 -1.4687e-01 0.0000e+00 0.0000e+00 0.0000e+00
2.3362e-01 -8.3292e-01 5.0166e-01 4.0939e-01 5.5224e-01 7.2625e-01 0.0000e+00 0.0000e+00 0.0000e+00
-6.7770e-01 7.3491e-01 2.5262e-02 -2.7577e-01 -2.2216e-01 -9.3520e-01 0.0000e+00 0.0000e+00 0.0000e+00
8.7585e-01 2.9186e-01 -3.8432e-01 1.4006e-01 -9.1584e-01 -3.7633e-01 0.0000e+00 0.0000e+00 0.0000e+00
-5.5816e-01 -6.4860e-01 5.1747e-01 7.9286e-01 -6.0077e-01 1.0220e-01 0.0000e+00 0.0000e+00 0.0000e+00
6.4835e-02 -9.2578e-01 3.7246e-01 7.7351e-01 2.8243e-01 5.6737e-01 0.0000e+00 0.0000e+00 0.0000e+00
8.3087e-01 -2.9190e-01 -4.7376e-01 -5.3513e-01 -1.8562e-01 -8.2413e-01 0.0000e+00 0.0000e+00 0.0000e+00
-4.9242e-01 8.1586e-01 -3.0314e-01 -8.5692e-01 -5.1542e-01 4.8045e-03 0.0000e+00 0.0000e+00 0.0000e+00
-2.9632e-01 9.5038e-01 -9.4720e-02 -3.1292e-01 -1.9030e-01 -9.3052e-01 0.0000e+00 0.0000e+00 0.0000e+00
9.9419e-01 5.6347e-02 -9.1711e-02 -3.2156e-02 -6.5764e-01 -7.5265e-01 0.0000e+00 0.0000e+00 0.0000e+00
-4.6173e-01 -7.8238e-02 8.8356e-01 -1.2783e-01 -9.7984e-01 -1.5356e-01 0.0000e+00 0.0000e+00 0.0000e+00
5.8158e-01 -7.1840e-01 -3.8167e-01 -1.1014e-01 3.9532e-01 -9.1192e-01 0.0000e+00 0.0000e+00 0.0000e+00
-4.9437e-02 -1.3771e-01 -9.8924e-01 7.0829e-01 6.9349e-01 -1.3194e-01 0.0000e+00 0.0000e+00 0.0000e+00
-8.1491e-01 -1.7602e-02 5.7932e-01 5.2468e-02 -9.9768e-01 4.3490e-02 0.0000e+00 0.0000e+00 0.0000e+00
3.9726e-02 -9.7870e-01 2.0143e-01 -4.3097e-01 1.6509e-01 8.8714e-01 0.0000e+00 0.0000e+00 0.0000e+00
7.2572e-01 -7.0057e-02 6.8442e-01 4.2141e-01 8.3161e-01 -3.6171e-01 0.0000e+00 0.0000e+00 0.0000e+00
-1.7871e-01 -7.4751e-01 -6.3976e-01 -9.2206e-01 3.5413e-01 -1.5620e-01 0.0000e+00 0.0000e+00 0.0000e+00
-1.8235e-01 -9.6722e-01 -1.7671e-01 8.0490e-01 -2.5007e-01 5.3814e-01 0.0000e+00 0.0000e+00 0.0000e+00
-4.3583e-02 -1.0378e-01 -1.1104e-01 -4.3583e-02 -1.0378e-01 -1.1104e-01 0.0000e+00 0.0000e+00 0.0000e+00
-7.2786e-01 -6.1338e-01 -3.0657e-01 4.7762e-02 4.0064e-01 -9.1499e-01 0.0000e+00 0.0000e+00 0.0000e+00
-7.5579e-01 7.6674e-02 -6.5031e-01 -6.4838e-01 5.1198e-02 7.5959e-01 0.0000e+00 0.0000e+00 0.0000e+00
-8.4571e-01 5.1283e-01 1.4761e-01 5.2519e-01 7.5078e-01 4.0064e-01 0.0000e+00 0.0000e+00 0.0000e+00
-7.8230e-01 -1.1770e-01 -6.1168e-01 4.2093e-01 6.2396e-01 -6.5840e-01 0.0000e+00 0.0000e+00 0.0000e+00
-4.4567e-01 -5.1221e-01 7.3418e-01 5.1835e-01 -8.1631e-01 -2.5485e-01 0.0000e+00 0.0000e+00 0.0000e+00
-9.7995e-01 -1.7810e-01 8.9278e-02 -1.8089e-01 9.8321e-01 -2.4032e-02 0.0000e+00 0.0000e+00 0.0000e+00
-2.7129e-02 4.2826e-01 -9.0325e-01 3.4563e-01 -8.4383e-01 -4.1047e-01 0.0000e+00 0.0000e+00 0.0000e+00
-5.9434e-01 -6.7617e-01 -4.3538e-01 7.2462e-01 -6.8508e-01 7.4761e-02 0.0000e+00 0.0000e+00 0.0000e+00
1.1718e-01 -6.6839e-01 -7.3453e-01 4.2939e-02 7.4234e-01 -6.6865e-01 0.0000e+00 0.0000e+00 0.0000e+00
1.0227e-01 8.3850e-01 5.3522e-01 7.8889e-01 2.5939e-01 -5.5711e-01 0.0000e+00 0.0000e+00 0.0000e+00
5.0530e-02 1.7784e-01 -9.8276e-01 2.6306e-01 9.4690e-01 1.8487e-01 0.0000e+00 0.0000e+00 0.0000e+00
9.3635e-01 5.0209e-02 -3.4746e-01 -3.2641e-01 -2.3987e-01 -9.1429e-01 0.0000e+00 0.0000e+00 0.0000e+00
7.8902e-01 -3.5423e-01 5.0197e-01 -6.1240e-01 -3.8809e-01 6.8873e-01 0.0000e+00 0.0000e+00 0.0000e+00
-4.8183e-01 -7.5769e-01 -4.4016e-01 5.5277e-01 1.2694e-01 -8.2361e-01 0.0000e+00 0.0000e+00 0.0000e+00
-1.1739e-02 -9.9802e-01 -6.1809e-02 1.7606e-01 -6.2910e-02 9.8237e-01 0.0000e+00 0.0000e+00 0.0000e+00
-8.5043e-01 4.3590e-01 2.9454e-01 4.8882e-01 4.4778e-01 7.4869e-01 0.0000e+00 0.0000e+00 0.0000e+00
6.8434e-01 -1.9501e-01 -7.0260e-01 6.3197e-01 -3.2201e-01 7.0493e-01 0.0000e+00 0.0000e+00 0.0000e+00
7.6357e-01 -1.1487e-02 -6.4563e-01 -5.3948e-01 5.3812e-01 -6.4760e-01 0.0000e+00 0.0000e+00 0.0000e+00
-8.9662e-01 8.1160e-02 -4.3529e-01 -2.3488e-01 -9.2054e-01 3.1216e-01 0.0000e+00 0.0000e+00 0.0000e+00
-2.8089e-01 -6.7279e-01 6.8444e-01 -9.3744e-01 3.9486e-02 -3.4591e-01 0.0000e+00 0.0000e+00 0.0000e+00
-1.4048e-01 3.0754e-02 -6.5726e-02 -1.4048e-01 3.0754e-02 -6.5726e-02 0.0000e+00 0.0000e+00 0.0000e+00
-7.3843e-01 5.6553e-01 3.6729e-01 3.6063e-01 -1.2903e-01 9.2374e-01 0.0000e+00 0.0000e+00 0.0000e+00
-2.7360e-01 -4.1785e-03 9.6183e-01 -8.5142e-01 -4.6417e-01 -2.4421e-01 0.0000e+00 0.0000e+00 0.0000e+00
6.3974e-01 2.4914e-01 -7.2709e-01 7.6527e-01 -1.1865e-01 6.3268e-01 0.0000e+00 0.0000e+00 0.0000e+00
3.4197e-01 1.5850e-01 -9.2625e-01 3.5371e-01 8.9147e-01 2.8313e-01 0.0000e+00 0.0000e+00 0.0000e+00
7.7582e-01 -6.1195e-01 -1.5368e-01 5.3594e-01 7.6769e-01 -3.5132e-01 0.0000e+00 0.0000e+00 0.0000e+00
-5.7701e-01 -6.9634e-02 -8.1376e-01 7.3465e-01 3.9110e-01 -5.5438e-01 0.0000e+00 0.0000e+00 0.0000e+00
-9.8347e-01 -7.1819e-02 1.6621e-01 2.6877e-02 8.4989e-01 5.2628e-01 0.0000e+00 0.0000e+00 0.0000e+00
-9.0412e-01 3.6637e-01 -2.1987e-01 -4.6876e-02 4.2642e-01 9.0331e-01 0.0000e+00 0.0000e+00 0.0000e+00
-6.7936e-01 -7.3972e-02 -7.3006e-01 4.0982e-01 -8.6354e-01 -2.9386e-01 0.0000e+00 0.0000e+00 0.0000e+00
-8.9731e-01 -4.2093e-01 1.3283e-01 -1.6159e-01 5.9332e-01 7.8858e-01 0.0000e+00 0.0000e+00 0.0000e+00
6.9356e-01 -2.4821e-02 -7.1997e-01 1.5748e-01 9.8046e-01 1.1790e-01 0.0000e+00 0.0000e+00 0.0000e+00
1.9236e-01 -9.8079e-01 3.2485e-02 9.5105e-01 1.9448e-01 2.4017e-01 0.0000e+00 0.0000e+00 0.0000e+00
6.5273e-01 4.9191e-01 5.7617e-01 7.0027e-01 -1.0157e-01 -7.0661e-01 0.0000e+00 0.0000e+00 0.0000e+00
4.2983e-01 -8.5678e-01 -2.8493e-01 2.7497e-01 -1.7637e-01 9.4514e-01 0.0000e+00 0.0000e+00 0.0000e+00
-6.9718e-02 9.6537e-01 2.5138e-01 -6.6880e-01 1.4174e-01 -7.2981e-01 0.0000e+00 0.0000e+00 0.0000e+00
7.0374e-01 1.5554e-01 -6.9322e-01 -4.6278e-01 8.4070e-01 -2.8118e-01 0.0000e+00 0.0000e+00 0.0000e+00
3.2409e-01 8.3370e-01 -4.4711e-01 3.8330e-01 3.1637e-01 8.6775e-01 0.0000e+00 0.0000e+00 0.0000e+00
-8.7746e-02 9.6255e-01 2.5652e-01 9.7962e-01 1.3009e-01 -1.5305e-01 0.0000e+00 0.0000e+00 0.0000e+00
-6.6593e-01 6.9612e-01 2.6823e-01 1.6495e-01 4.8805e-01 -8.5709e-01 0.0000e+00 0.0000e+00 0.0000e+00
-1.1343e-01 -1.8614e-01 9.7595e-01 7.9289e-01 -6.0889e-01 -2.3978e-02 0.0000e+00 0.0000e+00 0.0000e+00
